# Intensity Error [-0.167K,0.333K,0] DeltaE
#  shape: 20x70
2.416093e+01 1.103943e+00 2.025000e+00 5.000000e-02
7.082890e+00 5.986144e-01 2.025000e+00 1.500000e-01
1.566615e+00 2.813728e-01 2.025000e+00 2.500000e-01
7.558944e-01 2.160519e-01 2.025000e+00 3.500000e-01
3.145557e-01 1.284170e-01 2.025000e+00 4.500000e-01
4.949159e-01 1.822730e-01 2.025000e+00 5.500000e-01
3.159123e-01 1.289708e-01 2.025000e+00 6.500000e-01
1.102817e-01 7.798095e-02 2.025000e+00 7.500000e-01
5.476594e-02 5.476594e-02 2.025000e+00 8.500000e-01
5.595177e-02 5.595177e-02 2.025000e+00 9.500000e-01
5.706034e-02 5.706034e-02 2.025000e+00 1.050000e+00
0.000000e+00 0.000000e+00 2.025000e+00 1.150000e+00
0.000000e+00 0.000000e+00 2.025000e+00 1.250000e+00
1.106785e-01 7.826158e-02 2.025000e+00 1.350000e+00
1.262603e-04 8.133096e-02 2.025000e+00 1.450000e+00
5.466896e-02 5.466896e-02 2.025000e+00 1.550000e+00
5.724008e-02 5.724008e-02 2.025000e+00 1.650000e+00
5.435115e-02 5.435115e-02 2.025000e+00 1.750000e+00
0.000000e+00 0.000000e+00 2.025000e+00 1.850000e+00
1.071876e-01 7.579322e-02 2.025000e+00 1.950000e+00
5.552347e-02 9.614416e-02 2.025000e+00 2.050000e+00
-1.028151e-01 7.270122e-02 2.025000e+00 2.150000e+00
-5.222142e-02 5.222142e-02 2.025000e+00 2.250000e+00
4.895169e-02 4.895170e-02 2.025000e+00 2.350000e+00
1.022557e-01 7.230570e-02 2.025000e+00 2.450000e+00
4.670112e-02 4.670112e-02 2.025000e+00 2.550000e+00
9.453183e-02 6.684417e-02 2.025000e+00 2.650000e+00
5.340794e-05 6.317733e-02 2.025000e+00 2.750000e+00
1.793731e-01 8.968682e-02 2.025000e+00 2.850000e+00
4.403200e-02 7.655364e-02 2.025000e+00 2.950000e+00
3.032047e-01 1.435885e-01 2.025000e+00 3.050000e+00
8.967668e-02 6.341110e-02 2.025000e+00 3.150000e+00
-1.752743e-01 1.072686e-01 2.025000e+00 3.250000e+00
1.390779e-01 8.029697e-02 2.025000e+00 3.350000e+00
4.510157e-02 4.510157e-02 2.025000e+00 3.450000e+00
9.226814e-02 9.203879e-02 2.025000e+00 3.550000e+00
-1.291163e-04 6.511642e-02 2.025000e+00 3.650000e+00
4.191398e-02 7.332172e-02 2.025000e+00 3.750000e+00
3.937591e-02 6.870983e-02 2.025000e+00 3.850000e+00
3.990446e-02 6.833030e-02 2.025000e+00 3.950000e+00
7.882517e-02 7.906410e-02 2.025000e+00 4.050000e+00
3.897633e-02 1.046797e-01 2.025000e+00 4.150000e+00
3.471057e-01 1.157026e-01 2.025000e+00 4.250000e+00
1.419253e-01 7.096301e-02 2.025000e+00 4.350000e+00
2.515217e-01 1.296611e-01 2.025000e+00 4.450000e+00
3.689275e-02 8.258511e-02 2.025000e+00 4.550000e+00
9.991195e-02 5.768421e-02 2.025000e+00 4.650000e+00
1.008779e-01 8.849934e-02 2.025000e+00 4.750000e+00
3.218496e-01 1.216486e-01 2.025000e+00 4.850000e+00
3.960649e-01 1.771282e-01 2.025000e+00 4.950000e+00
4.113708e-01 4.113708e-01 2.025000e+00 5.050000e+00
nan nan 2.025000e+00 5.150000e+00
nan nan 2.025000e+00 5.250000e+00
nan nan 2.025000e+00 5.350000e+00
nan nan 2.025000e+00 5.450000e+00
nan nan 2.025000e+00 5.550000e+00
nan nan 2.025000e+00 5.650000e+00
nan nan 2.025000e+00 5.750000e+00
nan nan 2.025000e+00 5.850000e+00
nan nan 2.025000e+00 5.950000e+00
nan nan 2.025000e+00 6.050000e+00
nan nan 2.025000e+00 6.150000e+00
nan nan 2.025000e+00 6.250000e+00
nan nan 2.025000e+00 6.350000e+00
nan nan 2.025000e+00 6.450000e+00
nan nan 2.025000e+00 6.550000e+00
nan nan 2.025000e+00 6.650000e+00
nan nan 2.025000e+00 6.750000e+00
nan nan 2.025000e+00 6.850000e+00
nan nan 2.025000e+00 6.950000e+00
2.240707e+01 1.174433e+00 2.075000e+00 5.000000e-02
6.663037e+00 6.213322e-01 2.075000e+00 1.500000e-01
1.480634e+00 2.961271e-01 2.075000e+00 2.500000e-01
2.978839e-01 1.332181e-01 2.075000e+00 3.500000e-01
2.318215e-01 1.159108e-01 2.075000e+00 4.500000e-01
3.780038e-01 1.543198e-01 2.075000e+00 5.500000e-01
1.144008e-01 8.089363e-02 2.075000e+00 6.500000e-01
1.879668e-01 1.085227e-01 2.075000e+00 7.500000e-01
0.000000e+00 0.000000e+00 2.075000e+00 8.500000e-01
6.093436e-02 6.093436e-02 2.075000e+00 9.500000e-01
-1.568634e-04 8.273872e-02 2.075000e+00 1.050000e+00
7.789075e-06 8.272181e-02 2.075000e+00 1.150000e+00
6.033490e-02 6.033491e-02 2.075000e+00 1.250000e+00
0.000000e+00 0.000000e+00 2.075000e+00 1.350000e+00
6.102725e-02 6.102724e-02 2.075000e+00 1.450000e+00
1.103128e-01 7.800295e-02 2.075000e+00 1.550000e+00
1.221762e-01 8.639163e-02 2.075000e+00 1.650000e+00
-1.632551e-01 9.425547e-02 2.075000e+00 1.750000e+00
1.797989e-01 1.038070e-01 2.075000e+00 1.850000e+00
-1.324857e-04 7.623303e-02 2.075000e+00 1.950000e+00
1.179782e-01 1.184489e-01 2.075000e+00 2.050000e+00
5.422764e-02 9.332010e-02 2.075000e+00 2.150000e+00
1.155137e-01 1.159575e-01 2.075000e+00 2.250000e+00
2.108850e-01 1.054428e-01 2.075000e+00 2.350000e+00
0.000000e+00 0.000000e+00 2.075000e+00 2.450000e+00
1.042177e-01 7.369318e-02 2.075000e+00 2.550000e+00
-5.639990e-02 1.490341e-01 2.075000e+00 2.650000e+00
1.782530e-04 1.027310e-01 2.075000e+00 2.750000e+00
1.081691e-01 7.648746e-02 2.075000e+00 2.850000e+00
4.809871e-02 4.809871e-02 2.075000e+00 2.950000e+00
-3.997592e-04 7.000484e-02 2.075000e+00 3.050000e+00
1.817179e-01 9.085939e-02 2.075000e+00 3.150000e+00
4.395646e-02 7.670206e-02 2.075000e+00 3.250000e+00
1.327840e-01 7.666303e-02 2.075000e+00 3.350000e+00
8.521204e-02 6.025409e-02 2.075000e+00 3.450000e+00
2.360146e-04 6.470775e-02 2.075000e+00 3.550000e+00
1.336449e-01 7.716026e-02 2.075000e+00 3.650000e+00
-4.568150e-02 4.568150e-02 2.075000e+00 3.750000e+00
1.862396e-01 9.312049e-02 2.075000e+00 3.850000e+00
4.331248e-02 9.737931e-02 2.075000e+00 3.950000e+00
1.210537e-01 6.989048e-02 2.075000e+00 4.050000e+00
2.366576e-01 9.661623e-02 2.075000e+00 4.150000e+00
2.381703e-01 9.723372e-02 2.075000e+00 4.250000e+00
1.578068e-01 7.890361e-02 2.075000e+00 4.350000e+00
-1.473782e-04 9.113624e-02 2.075000e+00 4.450000e+00
3.475920e-02 1.062237e-01 2.075000e+00 4.550000e+00
3.622072e-02 8.215962e-02 2.075000e+00 4.650000e+00
1.757372e-01 1.170429e-01 2.075000e+00 4.750000e+00
2.527759e-01 1.081841e-01 2.075000e+00 4.850000e+00
5.100515e-02 5.100515e-02 2.075000e+00 4.950000e+00
-2.967968e-01 1.713560e-01 2.075000e+00 5.050000e+00
0.000000e+00 0.000000e+00 2.075000e+00 5.150000e+00
nan nan 2.075000e+00 5.250000e+00
nan nan 2.075000e+00 5.350000e+00
nan nan 2.075000e+00 5.450000e+00
nan nan 2.075000e+00 5.550000e+00
nan nan 2.075000e+00 5.650000e+00
nan nan 2.075000e+00 5.750000e+00
nan nan 2.075000e+00 5.850000e+00
nan nan 2.075000e+00 5.950000e+00
nan nan 2.075000e+00 6.050000e+00
nan nan 2.075000e+00 6.150000e+00
nan nan 2.075000e+00 6.250000e+00
nan nan 2.075000e+00 6.350000e+00
nan nan 2.075000e+00 6.450000e+00
nan nan 2.075000e+00 6.550000e+00
nan nan 2.075000e+00 6.650000e+00
nan nan 2.075000e+00 6.750000e+00
nan nan 2.075000e+00 6.850000e+00
nan nan 2.075000e+00 6.950000e+00
2.371997e+01 1.264281e+00 2.125000e+00 5.000000e-02
7.267818e+00 6.633680e-01 2.125000e+00 1.500000e-01
1.843176e+00 3.483282e-01 2.125000e+00 2.500000e-01
6.951174e-01 2.006636e-01 2.125000e+00 3.500000e-01
3.464026e-01 1.414185e-01 2.125000e+00 4.500000e-01
3.579406e-01 1.461291e-01 2.125000e+00 5.500000e-01
3.264295e-01 1.332646e-01 2.125000e+00 6.500000e-01
1.851565e-01 1.069004e-01 2.125000e+00 7.500000e-01
5.140543e-02 8.965700e-02 2.125000e+00 8.500000e-01
1.152980e-01 8.152804e-02 2.125000e+00 9.500000e-01
-5.136058e-02 5.136057e-02 2.125000e+00 1.050000e+00
0.000000e+00 0.000000e+00 2.125000e+00 1.150000e+00
5.320806e-02 5.320806e-02 2.125000e+00 1.250000e+00
5.044333e-02 5.044333e-02 2.125000e+00 1.350000e+00
-5.532335e-02 5.532335e-02 2.125000e+00 1.450000e+00
-2.600148e-05 9.802829e-02 2.125000e+00 1.550000e+00
5.614327e-02 5.614326e-02 2.125000e+00 1.650000e+00
9.617901e-02 6.800886e-02 2.125000e+00 1.750000e+00
-7.801125e-05 7.777529e-02 2.125000e+00 1.850000e+00
2.401050e-04 6.828456e-02 2.125000e+00 1.950000e+00
-5.399143e-02 5.399143e-02 2.125000e+00 2.050000e+00
9.918930e-02 7.013767e-02 2.125000e+00 2.150000e+00
1.636363e-01 9.447547e-02 2.125000e+00 2.250000e+00
5.154414e-02 8.917895e-02 2.125000e+00 2.350000e+00
5.402300e-02 5.402300e-02 2.125000e+00 2.450000e+00
2.045394e-01 1.022700e-01 2.125000e+00 2.550000e+00
-1.154185e-04 1.097227e-01 2.125000e+00 2.650000e+00
1.056977e-01 1.053910e-01 2.125000e+00 2.750000e+00
-1.112157e-01 7.864138e-02 2.125000e+00 2.850000e+00
1.031801e-01 7.295956e-02 2.125000e+00 2.950000e+00
1.658273e-01 9.574098e-02 2.125000e+00 3.050000e+00
4.262898e-04 1.589375e-01 2.125000e+00 3.150000e+00
5.504541e-04 1.546410e-01 2.125000e+00 3.250000e+00
9.690829e-02 6.852519e-02 2.125000e+00 3.350000e+00
3.380963e-01 1.277889e-01 2.125000e+00 3.450000e+00
4.553860e-02 7.866742e-02 2.125000e+00 3.550000e+00
1.283426e-01 7.409866e-02 2.125000e+00 3.650000e+00
4.502187e-02 4.502187e-02 2.125000e+00 3.750000e+00
4.369598e-02 4.369598e-02 2.125000e+00 3.850000e+00
-4.516617e-04 9.216877e-02 2.125000e+00 3.950000e+00
4.609195e-02 7.995966e-02 2.125000e+00 4.050000e+00
1.763797e-01 8.819060e-02 2.125000e+00 4.150000e+00
8.123528e-02 8.111627e-02 2.125000e+00 4.250000e+00
7.844203e-02 9.692695e-02 2.125000e+00 4.350000e+00
-3.986296e-02 6.914864e-02 2.125000e+00 4.450000e+00
-3.874655e-02 6.755569e-02 2.125000e+00 4.550000e+00
1.084496e-01 9.505330e-02 2.125000e+00 4.650000e+00
7.092073e-02 5.014857e-02 2.125000e+00 4.750000e+00
2.675013e-01 1.011074e-01 2.125000e+00 4.850000e+00
4.107273e-02 6.985652e-02 2.125000e+00 4.950000e+00
5.582196e-05 1.409271e-01 2.125000e+00 5.050000e+00
-4.443489e-05 1.797866e-01 2.125000e+00 5.150000e+00
0.000000e+00 0.000000e+00 2.125000e+00 5.250000e+00
nan nan 2.125000e+00 5.350000e+00
nan nan 2.125000e+00 5.450000e+00
nan nan 2.125000e+00 5.550000e+00
nan nan 2.125000e+00 5.650000e+00
nan nan 2.125000e+00 5.750000e+00
nan nan 2.125000e+00 5.850000e+00
nan nan 2.125000e+00 5.950000e+00
nan nan 2.125000e+00 6.050000e+00
nan nan 2.125000e+00 6.150000e+00
nan nan 2.125000e+00 6.250000e+00
nan nan 2.125000e+00 6.350000e+00
nan nan 2.125000e+00 6.450000e+00
nan nan 2.125000e+00 6.550000e+00
nan nan 2.125000e+00 6.650000e+00
nan nan 2.125000e+00 6.750000e+00
nan nan 2.125000e+00 6.850000e+00
nan nan 2.125000e+00 6.950000e+00
2.325940e+01 1.141761e+00 2.175000e+00 5.000000e-02
6.431981e+00 5.844499e-01 2.175000e+00 1.500000e-01
2.031344e+00 3.483733e-01 2.175000e+00 2.500000e-01
4.585260e-01 1.528423e-01 2.175000e+00 3.500000e-01
3.453158e-01 1.409746e-01 2.175000e+00 4.500000e-01
4.823612e-01 1.607874e-01 2.175000e+00 5.500000e-01
2.125636e-01 1.062820e-01 2.175000e+00 6.500000e-01
-4.972172e-05 8.204559e-02 2.175000e+00 7.500000e-01
1.010746e-01 1.232481e-01 2.175000e+00 8.500000e-01
1.177735e-01 1.444914e-01 2.175000e+00 9.500000e-01
5.070726e-02 5.070726e-02 2.175000e+00 1.050000e+00
5.591323e-02 5.591324e-02 2.175000e+00 1.150000e+00
0.000000e+00 0.000000e+00 2.175000e+00 1.250000e+00
-1.386664e-04 7.435456e-02 2.175000e+00 1.350000e+00
1.702931e-01 9.831896e-02 2.175000e+00 1.450000e+00
-1.824392e-05 7.061431e-02 2.175000e+00 1.550000e+00
1.161116e-01 8.210342e-02 2.175000e+00 1.650000e+00
4.931137e-02 4.931137e-02 2.175000e+00 1.750000e+00
5.703392e-02 5.703392e-02 2.175000e+00 1.850000e+00
5.007092e-02 5.007093e-02 2.175000e+00 1.950000e+00
1.640312e-01 9.470354e-02 2.175000e+00 2.050000e+00
4.996930e-02 8.700609e-02 2.175000e+00 2.150000e+00
1.568432e-01 9.055345e-02 2.175000e+00 2.250000e+00
5.072847e-02 5.072847e-02 2.175000e+00 2.350000e+00
1.265526e-04 7.274125e-02 2.175000e+00 2.450000e+00
-1.023915e-01 7.240180e-02 2.175000e+00 2.550000e+00
-6.265345e-05 6.994023e-02 2.175000e+00 2.650000e+00
5.006247e-02 5.006248e-02 2.175000e+00 2.750000e+00
1.685642e-04 1.002611e-01 2.175000e+00 2.850000e+00
-5.010941e-02 5.010941e-02 2.175000e+00 2.950000e+00
2.051251e-01 1.452900e-01 2.175000e+00 3.050000e+00
4.406426e-05 7.170035e-02 2.175000e+00 3.150000e+00
-5.329135e-02 5.329134e-02 2.175000e+00 3.250000e+00
5.085705e-02 5.085705e-02 2.175000e+00 3.350000e+00
-5.409131e-02 9.340239e-02 2.175000e+00 3.450000e+00
-5.203252e-04 9.929744e-02 2.175000e+00 3.550000e+00
1.044885e-01 1.044542e-01 2.175000e+00 3.650000e+00
9.596496e-02 9.578887e-02 2.175000e+00 3.750000e+00
4.492496e-02 7.734092e-02 2.175000e+00 3.850000e+00
1.341739e-01 7.746624e-02 2.175000e+00 3.950000e+00
8.729498e-02 8.665583e-02 2.175000e+00 4.050000e+00
9.130728e-02 6.456469e-02 2.175000e+00 4.150000e+00
0.000000e+00 0.000000e+00 2.175000e+00 4.250000e+00
1.325320e-01 7.651884e-02 2.175000e+00 4.350000e+00
8.016967e-02 9.806156e-02 2.175000e+00 4.450000e+00
7.911728e-02 7.937297e-02 2.175000e+00 4.550000e+00
-2.807361e-04 9.758604e-02 2.175000e+00 4.650000e+00
7.512288e-02 5.311993e-02 2.175000e+00 4.750000e+00
2.149236e-01 1.130563e-01 2.175000e+00 4.850000e+00
1.926873e-01 1.274724e-01 2.175000e+00 4.950000e+00
4.634827e-02 1.021615e-01 2.175000e+00 5.050000e+00
6.522253e-02 1.137823e-01 2.175000e+00 5.150000e+00
1.807280e-01 1.807280e-01 2.175000e+00 5.250000e+00
0.000000e+00 0.000000e+00 2.175000e+00 5.350000e+00
nan nan 2.175000e+00 5.450000e+00
nan nan 2.175000e+00 5.550000e+00
nan nan 2.175000e+00 5.650000e+00
nan nan 2.175000e+00 5.750000e+00
nan nan 2.175000e+00 5.850000e+00
nan nan 2.175000e+00 5.950000e+00
nan nan 2.175000e+00 6.050000e+00
nan nan 2.175000e+00 6.150000e+00
nan nan 2.175000e+00 6.250000e+00
nan nan 2.175000e+00 6.350000e+00
nan nan 2.175000e+00 6.450000e+00
nan nan 2.175000e+00 6.550000e+00
nan nan 2.175000e+00 6.650000e+00
nan nan 2.175000e+00 6.750000e+00
nan nan 2.175000e+00 6.850000e+00
nan nan 2.175000e+00 6.950000e+00
2.452998e+01 1.146213e+00 2.225000e+00 5.000000e-02
7.045827e+00 6.301990e-01 2.225000e+00 1.500000e-01
1.529427e+00 2.999458e-01 2.225000e+00 2.500000e-01
5.191552e-01 1.641715e-01 2.225000e+00 3.500000e-01
3.690981e-01 1.506838e-01 2.225000e+00 4.500000e-01
2.622874e-01 1.172987e-01 2.225000e+00 5.500000e-01
2.318908e-01 1.159455e-01 2.225000e+00 6.500000e-01
2.379030e-01 1.189520e-01 2.225000e+00 7.500000e-01
1.108513e-01 7.838380e-02 2.225000e+00 8.500000e-01
1.292280e-01 9.137802e-02 2.225000e+00 9.500000e-01
1.645209e-01 1.224814e-01 2.225000e+00 1.050000e+00
1.266469e-01 8.955291e-02 2.225000e+00 1.150000e+00
5.821109e-02 5.821109e-02 2.225000e+00 1.250000e+00
1.205436e-01 8.523724e-02 2.225000e+00 1.350000e+00
0.000000e+00 0.000000e+00 2.225000e+00 1.450000e+00
5.773048e-02 9.939723e-02 2.225000e+00 1.550000e+00
2.015200e-01 1.163479e-01 2.225000e+00 1.650000e+00
5.681819e-02 5.681819e-02 2.225000e+00 1.750000e+00
6.616755e-02 6.616755e-02 2.225000e+00 1.850000e+00
2.330770e-01 1.165388e-01 2.225000e+00 1.950000e+00
0.000000e+00 0.000000e+00 2.225000e+00 2.050000e+00
0.000000e+00 0.000000e+00 2.225000e+00 2.150000e+00
5.886778e-02 5.886777e-02 2.225000e+00 2.250000e+00
1.171242e-01 8.281940e-02 2.225000e+00 2.350000e+00
0.000000e+00 0.000000e+00 2.225000e+00 2.450000e+00
5.858468e-02 1.009664e-01 2.225000e+00 2.550000e+00
1.068040e-01 7.552181e-02 2.225000e+00 2.650000e+00
0.000000e+00 0.000000e+00 2.225000e+00 2.750000e+00
4.984166e-02 4.984166e-02 2.225000e+00 2.850000e+00
5.389026e-02 5.389026e-02 2.225000e+00 2.950000e+00
-4.750653e-02 8.261912e-02 2.225000e+00 3.050000e+00
2.287423e-04 7.328588e-02 2.225000e+00 3.150000e+00
9.500628e-02 6.717958e-02 2.225000e+00 3.250000e+00
9.978326e-02 7.055776e-02 2.225000e+00 3.350000e+00
1.905038e-04 6.953412e-02 2.225000e+00 3.450000e+00
4.985170e-02 4.985170e-02 2.225000e+00 3.550000e+00
1.047222e-01 1.045097e-01 2.225000e+00 3.650000e+00
1.492537e-01 1.112404e-01 2.225000e+00 3.750000e+00
1.065914e-01 7.537173e-02 2.225000e+00 3.850000e+00
1.986052e-01 9.930317e-02 2.225000e+00 3.950000e+00
9.407932e-02 9.384580e-02 2.225000e+00 4.050000e+00
9.090987e-02 9.026739e-02 2.225000e+00 4.150000e+00
1.292000e-01 7.459389e-02 2.225000e+00 4.250000e+00
-4.490613e-02 7.855584e-02 2.225000e+00 4.350000e+00
-4.638379e-02 7.920863e-02 2.225000e+00 4.450000e+00
8.718891e-02 8.723761e-02 2.225000e+00 4.550000e+00
1.585188e-01 1.479653e-01 2.225000e+00 4.650000e+00
3.921509e-02 1.048209e-01 2.225000e+00 4.750000e+00
-7.750761e-02 5.480644e-02 2.225000e+00 4.850000e+00
7.268042e-02 1.022334e-01 2.225000e+00 4.950000e+00
8.093411e-02 9.913724e-02 2.225000e+00 5.050000e+00
3.113220e-01 1.270986e-01 2.225000e+00 5.150000e+00
7.928317e-02 7.928317e-02 2.225000e+00 5.250000e+00
0.000000e+00 0.000000e+00 2.225000e+00 5.350000e+00
0.000000e+00 0.000000e+00 2.225000e+00 5.450000e+00
nan nan 2.225000e+00 5.550000e+00
nan nan 2.225000e+00 5.650000e+00
nan nan 2.225000e+00 5.750000e+00
nan nan 2.225000e+00 5.850000e+00
nan nan 2.225000e+00 5.950000e+00
nan nan 2.225000e+00 6.050000e+00
nan nan 2.225000e+00 6.150000e+00
nan nan 2.225000e+00 6.250000e+00
nan nan 2.225000e+00 6.350000e+00
nan nan 2.225000e+00 6.450000e+00
nan nan 2.225000e+00 6.550000e+00
nan nan 2.225000e+00 6.650000e+00
nan nan 2.225000e+00 6.750000e+00
nan nan 2.225000e+00 6.850000e+00
nan nan 2.225000e+00 6.950000e+00
2.455248e+01 1.173165e+00 2.275000e+00 5.000000e-02
7.152651e+00 6.851010e-01 2.275000e+00 1.500000e-01
1.404007e+00 2.927563e-01 2.275000e+00 2.500000e-01
4.370848e-01 1.652025e-01 2.275000e+00 3.500000e-01
4.923317e-01 1.860841e-01 2.275000e+00 4.500000e-01
2.439561e-01 1.495239e-01 2.275000e+00 5.500000e-01
1.406546e-01 9.945837e-02 2.275000e+00 6.500000e-01
6.371141e-02 6.371140e-02 2.275000e+00 7.500000e-01
6.545744e-02 6.545745e-02 2.275000e+00 8.500000e-01
0.000000e+00 0.000000e+00 2.275000e+00 9.500000e-01
1.223948e-01 8.654635e-02 2.275000e+00 1.050000e+00
0.000000e+00 0.000000e+00 2.275000e+00 1.150000e+00
0.000000e+00 0.000000e+00 2.275000e+00 1.250000e+00
0.000000e+00 0.000000e+00 2.275000e+00 1.350000e+00
1.348578e-01 9.535917e-02 2.275000e+00 1.450000e+00
1.245032e-01 8.803716e-02 2.275000e+00 1.550000e+00
6.957753e-02 6.957753e-02 2.275000e+00 1.650000e+00
6.003873e-02 6.003873e-02 2.275000e+00 1.750000e+00
1.374608e-01 9.719946e-02 2.275000e+00 1.850000e+00
1.832623e-01 1.058070e-01 2.275000e+00 1.950000e+00
6.535129e-02 6.535128e-02 2.275000e+00 2.050000e+00
0.000000e+00 0.000000e+00 2.275000e+00 2.150000e+00
6.224295e-02 6.224295e-02 2.275000e+00 2.250000e+00
0.000000e+00 0.000000e+00 2.275000e+00 2.350000e+00
5.929538e-02 5.929538e-02 2.275000e+00 2.450000e+00
2.361595e-04 9.089248e-02 2.275000e+00 2.550000e+00
0.000000e+00 0.000000e+00 2.275000e+00 2.650000e+00
8.364908e-05 9.090097e-02 2.275000e+00 2.750000e+00
1.142017e-01 8.075316e-02 2.275000e+00 2.850000e+00
1.907237e-01 1.101146e-01 2.275000e+00 2.950000e+00
1.119658e-01 7.917178e-02 2.275000e+00 3.050000e+00
6.049738e-02 6.049739e-02 2.275000e+00 3.150000e+00
5.213819e-02 5.213819e-02 2.275000e+00 3.250000e+00
5.581180e-02 5.581181e-02 2.275000e+00 3.350000e+00
1.955616e-01 1.199018e-01 2.275000e+00 3.450000e+00
5.017310e-02 1.340452e-01 2.275000e+00 3.550000e+00
1.416061e-01 8.175712e-02 2.275000e+00 3.650000e+00
4.914602e-02 4.914602e-02 2.275000e+00 3.750000e+00
1.498427e-01 1.110642e-01 2.275000e+00 3.850000e+00
9.896244e-02 9.909633e-02 2.275000e+00 3.950000e+00
5.225007e-02 5.225007e-02 2.275000e+00 4.050000e+00
1.510153e-01 8.718885e-02 2.275000e+00 4.150000e+00
9.636077e-02 1.534858e-01 2.275000e+00 4.250000e+00
4.629068e-02 1.021681e-01 2.275000e+00 4.350000e+00
-4.378667e-02 7.510930e-02 2.275000e+00 4.450000e+00
9.095019e-02 9.095922e-02 2.275000e+00 4.550000e+00
1.355900e-01 1.015817e-01 2.275000e+00 4.650000e+00
1.278817e-01 9.526264e-02 2.275000e+00 4.750000e+00
-7.847533e-02 9.606246e-02 2.275000e+00 4.850000e+00
-1.184194e-01 1.420588e-01 2.275000e+00 4.950000e+00
-7.422361e-02 1.173205e-01 2.275000e+00 5.050000e+00
8.536931e-02 8.465491e-02 2.275000e+00 5.150000e+00
-6.014787e-02 1.595199e-01 2.275000e+00 5.250000e+00
-1.018066e-01 1.736778e-01 2.275000e+00 5.350000e+00
0.000000e+00 0.000000e+00 2.275000e+00 5.450000e+00
nan nan 2.275000e+00 5.550000e+00
nan nan 2.275000e+00 5.650000e+00
nan nan 2.275000e+00 5.750000e+00
nan nan 2.275000e+00 5.850000e+00
nan nan 2.275000e+00 5.950000e+00
nan nan 2.275000e+00 6.050000e+00
nan nan 2.275000e+00 6.150000e+00
nan nan 2.275000e+00 6.250000e+00
nan nan 2.275000e+00 6.350000e+00
nan nan 2.275000e+00 6.450000e+00
nan nan 2.275000e+00 6.550000e+00
nan nan 2.275000e+00 6.650000e+00
nan nan 2.275000e+00 6.750000e+00
nan nan 2.275000e+00 6.850000e+00
nan nan 2.275000e+00 6.950000e+00
2.685072e+01 1.332581e+00 2.325000e+00 5.000000e-02
6.426779e+00 6.850978e-01 2.325000e+00 1.500000e-01
8.361665e-01 2.651347e-01 2.325000e+00 2.500000e-01
2.871558e-01 1.757107e-01 2.325000e+00 3.500000e-01
1.419205e-01 1.003530e-01 2.325000e+00 4.500000e-01
3.326000e-01 1.487436e-01 2.325000e+00 5.500000e-01
3.634972e-01 1.925009e-01 2.325000e+00 6.500000e-01
3.101307e-01 1.386948e-01 2.325000e+00 7.500000e-01
6.591891e-02 6.591891e-02 2.325000e+00 8.500000e-01
1.309028e-01 9.256243e-02 2.325000e+00 9.500000e-01
1.798328e-01 1.038266e-01 2.325000e+00 1.050000e+00
6.661929e-02 6.661930e-02 2.325000e+00 1.150000e+00
5.806583e-02 5.806583e-02 2.325000e+00 1.250000e+00
0.000000e+00 0.000000e+00 2.325000e+00 1.350000e+00
6.014579e-02 6.014580e-02 2.325000e+00 1.450000e+00
1.130020e-01 1.132390e-01 2.325000e+00 1.550000e+00
1.227287e-01 8.678228e-02 2.325000e+00 1.650000e+00
5.405535e-02 5.405535e-02 2.325000e+00 1.750000e+00
-6.105308e-02 6.105308e-02 2.325000e+00 1.850000e+00
1.100549e-01 7.782086e-02 2.325000e+00 1.950000e+00
5.831270e-02 5.831270e-02 2.325000e+00 2.050000e+00
1.600700e-04 8.156969e-02 2.325000e+00 2.150000e+00
5.486558e-02 5.486558e-02 2.325000e+00 2.250000e+00
5.976833e-02 5.976833e-02 2.325000e+00 2.350000e+00
1.106485e-01 7.824038e-02 2.325000e+00 2.450000e+00
1.236418e-01 8.742802e-02 2.325000e+00 2.550000e+00
5.538357e-02 5.538357e-02 2.325000e+00 2.650000e+00
6.138241e-02 6.138241e-02 2.325000e+00 2.750000e+00
5.502359e-02 9.593649e-02 2.325000e+00 2.850000e+00
-6.213807e-02 6.213807e-02 2.325000e+00 2.950000e+00
-5.755860e-02 5.755860e-02 2.325000e+00 3.050000e+00
6.171959e-02 6.171960e-02 2.325000e+00 3.150000e+00
2.880262e-01 1.288098e-01 2.325000e+00 3.250000e+00
0.000000e+00 0.000000e+00 2.325000e+00 3.350000e+00
5.664064e-02 9.800639e-02 2.325000e+00 3.450000e+00
4.237212e-04 8.515468e-02 2.325000e+00 3.550000e+00
5.320435e-02 5.320434e-02 2.325000e+00 3.650000e+00
-1.250199e-04 7.710761e-02 2.325000e+00 3.750000e+00
9.662274e-02 9.675333e-02 2.325000e+00 3.850000e+00
1.474084e-01 1.099171e-01 2.325000e+00 3.950000e+00
1.441539e-01 8.322736e-02 2.325000e+00 4.050000e+00
0.000000e+00 0.000000e+00 2.325000e+00 4.150000e+00
2.058617e-01 1.259322e-01 2.325000e+00 4.250000e+00
1.016715e-01 1.010701e-01 2.325000e+00 4.350000e+00
-9.900449e-02 7.000682e-02 2.325000e+00 4.450000e+00
-1.115620e-03 9.165996e-02 2.325000e+00 4.550000e+00
1.316236e-01 7.599427e-02 2.325000e+00 4.650000e+00
-1.803771e-01 1.276594e-01 2.325000e+00 4.750000e+00
4.383916e-02 9.914815e-02 2.325000e+00 4.850000e+00
-4.158239e-02 1.225060e-01 2.325000e+00 4.950000e+00
7.122916e-04 1.240219e-01 2.325000e+00 5.050000e+00
-7.844152e-02 9.592429e-02 2.325000e+00 5.150000e+00
9.234158e-02 1.305475e-01 2.325000e+00 5.250000e+00
-1.395780e-01 1.394463e-01 2.325000e+00 5.350000e+00
1.409107e-01 2.441132e-01 2.325000e+00 5.450000e+00
0.000000e+00 0.000000e+00 2.325000e+00 5.550000e+00
nan nan 2.325000e+00 5.650000e+00
nan nan 2.325000e+00 5.750000e+00
nan nan 2.325000e+00 5.850000e+00
nan nan 2.325000e+00 5.950000e+00
nan nan 2.325000e+00 6.050000e+00
nan nan 2.325000e+00 6.150000e+00
nan nan 2.325000e+00 6.250000e+00
nan nan 2.325000e+00 6.350000e+00
nan nan 2.325000e+00 6.450000e+00
nan nan 2.325000e+00 6.550000e+00
nan nan 2.325000e+00 6.650000e+00
nan nan 2.325000e+00 6.750000e+00
nan nan 2.325000e+00 6.850000e+00
nan nan 2.325000e+00 6.950000e+00
2.292916e+01 1.254630e+00 2.375000e+00 5.000000e-02
6.776481e+00 6.776491e-01 2.375000e+00 1.500000e-01
1.430271e+00 2.982325e-01 2.375000e+00 2.500000e-01
3.895517e-01 1.590341e-01 2.375000e+00 3.500000e-01
2.358843e-01 1.179423e-01 2.375000e+00 4.500000e-01
2.417606e-01 1.208804e-01 2.375000e+00 5.500000e-01
2.494535e-01 1.247270e-01 2.375000e+00 6.500000e-01
5.713917e-02 5.713917e-02 2.375000e+00 7.500000e-01
1.250051e-01 8.839211e-02 2.375000e+00 8.500000e-01
5.999902e-02 5.999902e-02 2.375000e+00 9.500000e-01
0.000000e+00 0.000000e+00 2.375000e+00 1.050000e+00
1.862031e-01 1.075048e-01 2.375000e+00 1.150000e+00
5.659747e-02 5.659747e-02 2.375000e+00 1.250000e+00
1.858315e-01 1.072904e-01 2.375000e+00 1.350000e+00
5.933124e-02 5.933124e-02 2.375000e+00 1.450000e+00
1.756825e-01 1.014310e-01 2.375000e+00 1.550000e+00
0.000000e+00 0.000000e+00 2.375000e+00 1.650000e+00
5.648124e-02 5.648124e-02 2.375000e+00 1.750000e+00
1.219636e-01 8.624154e-02 2.375000e+00 1.850000e+00
-5.672531e-02 5.672531e-02 2.375000e+00 1.950000e+00
0.000000e+00 0.000000e+00 2.375000e+00 2.050000e+00
0.000000e+00 0.000000e+00 2.375000e+00 2.150000e+00
-5.611288e-02 5.611287e-02 2.375000e+00 2.250000e+00
-4.158412e-04 8.358057e-02 2.375000e+00 2.350000e+00
5.425717e-02 5.425717e-02 2.375000e+00 2.450000e+00
1.623378e-04 8.219977e-02 2.375000e+00 2.550000e+00
0.000000e+00 0.000000e+00 2.375000e+00 2.650000e+00
0.000000e+00 0.000000e+00 2.375000e+00 2.750000e+00
-5.489338e-02 5.489338e-02 2.375000e+00 2.850000e+00
1.116323e-01 7.893603e-02 2.375000e+00 2.950000e+00
1.626073e-01 9.388172e-02 2.375000e+00 3.050000e+00
-5.542580e-02 5.542580e-02 2.375000e+00 3.150000e+00
-2.638200e-04 7.798891e-02 2.375000e+00 3.250000e+00
1.113144e-01 7.871118e-02 2.375000e+00 3.350000e+00
5.718644e-02 5.718644e-02 2.375000e+00 3.450000e+00
-1.136306e-01 8.034903e-02 2.375000e+00 3.550000e+00
2.536141e-04 1.155265e-01 2.375000e+00 3.650000e+00
-1.161693e-01 8.214499e-02 2.375000e+00 3.750000e+00
-1.687605e-01 9.743398e-02 2.375000e+00 3.850000e+00
1.141441e-01 8.071270e-02 2.375000e+00 3.950000e+00
1.038566e-01 7.343842e-02 2.375000e+00 4.050000e+00
1.016388e-01 1.018257e-01 2.375000e+00 4.150000e+00
1.439964e-01 8.313655e-02 2.375000e+00 4.250000e+00
9.734768e-02 9.784665e-02 2.375000e+00 4.350000e+00
2.019894e-01 1.009957e-01 2.375000e+00 4.450000e+00
5.098854e-02 8.777261e-02 2.375000e+00 4.550000e+00
9.812693e-02 9.774039e-02 2.375000e+00 4.650000e+00
-4.599833e-02 1.207179e-01 2.375000e+00 4.750000e+00
8.763479e-02 8.854922e-02 2.375000e+00 4.850000e+00
4.484711e-02 1.009560e-01 2.375000e+00 4.950000e+00
2.969923e-01 1.275013e-01 2.375000e+00 5.050000e+00
1.589360e-01 1.120949e-01 2.375000e+00 5.150000e+00
1.640206e-01 1.298390e-01 2.375000e+00 5.250000e+00
5.131490e-02 1.989106e-01 2.375000e+00 5.350000e+00
-1.723167e-01 2.081888e-01 2.375000e+00 5.450000e+00
2.240974e-01 2.240973e-01 2.375000e+00 5.550000e+00
0.000000e+00 0.000000e+00 2.375000e+00 5.650000e+00
nan nan 2.375000e+00 5.750000e+00
nan nan 2.375000e+00 5.850000e+00
nan nan 2.375000e+00 5.950000e+00
nan nan 2.375000e+00 6.050000e+00
nan nan 2.375000e+00 6.150000e+00
nan nan 2.375000e+00 6.250000e+00
nan nan 2.375000e+00 6.350000e+00
nan nan 2.375000e+00 6.450000e+00
nan nan 2.375000e+00 6.550000e+00
nan nan 2.375000e+00 6.650000e+00
nan nan 2.375000e+00 6.750000e+00
nan nan 2.375000e+00 6.850000e+00
nan nan 2.375000e+00 6.950000e+00
2.300427e+01 1.205753e+00 2.425000e+00 5.000000e-02
5.728049e+00 5.908040e-01 2.425000e+00 1.500000e-01
1.486679e+00 3.034674e-01 2.425000e+00 2.500000e-01
4.418976e-01 1.670218e-01 2.425000e+00 3.500000e-01
2.985635e-01 1.335217e-01 2.425000e+00 4.500000e-01
0.000000e+00 0.000000e+00 2.425000e+00 5.500000e-01
1.874946e-01 1.398283e-01 2.425000e+00 6.500000e-01
1.203919e-01 8.512994e-02 2.425000e+00 7.500000e-01
6.268214e-02 6.268214e-02 2.425000e+00 8.500000e-01
6.074345e-02 6.074345e-02 2.425000e+00 9.500000e-01
6.322669e-02 6.322668e-02 2.425000e+00 1.050000e+00
6.496596e-02 6.496597e-02 2.425000e+00 1.150000e+00
6.416774e-02 6.416774e-02 2.425000e+00 1.250000e+00
-6.775088e-02 6.775088e-02 2.425000e+00 1.350000e+00
0.000000e+00 0.000000e+00 2.425000e+00 1.450000e+00
1.398320e-01 9.887620e-02 2.425000e+00 1.550000e+00
7.268145e-02 7.268145e-02 2.425000e+00 1.650000e+00
7.066302e-02 7.066303e-02 2.425000e+00 1.750000e+00
8.917341e-05 1.055085e-01 2.425000e+00 1.850000e+00
0.000000e+00 0.000000e+00 2.425000e+00 1.950000e+00
0.000000e+00 0.000000e+00 2.425000e+00 2.050000e+00
7.381022e-02 7.381023e-02 2.425000e+00 2.150000e+00
-7.245991e-02 7.245991e-02 2.425000e+00 2.250000e+00
1.478856e-01 1.045709e-01 2.425000e+00 2.350000e+00
1.408691e-01 9.960952e-02 2.425000e+00 2.450000e+00
2.160241e-01 1.247217e-01 2.425000e+00 2.550000e+00
2.692476e-01 1.346241e-01 2.425000e+00 2.650000e+00
6.724375e-02 6.724375e-02 2.425000e+00 2.750000e+00
-6.524412e-02 6.524413e-02 2.425000e+00 2.850000e+00
6.318753e-02 1.099015e-01 2.425000e+00 2.950000e+00
6.098709e-02 1.058329e-01 2.425000e+00 3.050000e+00
-5.720451e-02 5.720451e-02 2.425000e+00 3.150000e+00
-1.141683e-01 1.400802e-01 2.425000e+00 3.250000e+00
-7.678600e-05 7.711502e-02 2.425000e+00 3.350000e+00
-1.097894e-01 7.763280e-02 2.425000e+00 3.450000e+00
5.392964e-02 5.392964e-02 2.425000e+00 3.550000e+00
2.949489e-04 7.628772e-02 2.425000e+00 3.650000e+00
1.081487e-01 1.083462e-01 2.425000e+00 3.750000e+00
6.204714e-04 1.112355e-01 2.425000e+00 3.850000e+00
1.666629e-01 1.473582e-01 2.425000e+00 3.950000e+00
1.693232e-01 1.258488e-01 2.425000e+00 4.050000e+00
1.129539e-01 1.127599e-01 2.425000e+00 4.150000e+00
2.739004e-01 1.224926e-01 2.425000e+00 4.250000e+00
5.286243e-02 9.106704e-02 2.425000e+00 4.350000e+00
9.698045e-02 9.732646e-02 2.425000e+00 4.450000e+00
-4.844374e-02 1.091704e-01 2.425000e+00 4.550000e+00
2.001295e-01 1.228246e-01 2.425000e+00 4.650000e+00
-3.637659e-04 7.223252e-02 2.425000e+00 4.750000e+00
9.646231e-02 6.821115e-02 2.425000e+00 4.850000e+00
1.340387e-01 1.187841e-01 2.425000e+00 4.950000e+00
4.042971e-01 1.486985e-01 2.425000e+00 5.050000e+00
-2.865308e-04 1.072919e-01 2.425000e+00 5.150000e+00
1.613516e-01 1.138984e-01 2.425000e+00 5.250000e+00
4.926135e-04 1.251766e-01 2.425000e+00 5.350000e+00
2.353333e-01 1.660604e-01 2.425000e+00 5.450000e+00
-2.193429e-01 1.551026e-01 2.425000e+00 5.550000e+00
0.000000e+00 0.000000e+00 2.425000e+00 5.650000e+00
nan nan 2.425000e+00 5.750000e+00
nan nan 2.425000e+00 5.850000e+00
nan nan 2.425000e+00 5.950000e+00
nan nan 2.425000e+00 6.050000e+00
nan nan 2.425000e+00 6.150000e+00
nan nan 2.425000e+00 6.250000e+00
nan nan 2.425000e+00 6.350000e+00
nan nan 2.425000e+00 6.450000e+00
nan nan 2.425000e+00 6.550000e+00
nan nan 2.425000e+00 6.650000e+00
nan nan 2.425000e+00 6.750000e+00
nan nan 2.425000e+00 6.850000e+00
nan nan 2.425000e+00 6.950000e+00
2.286599e+01 1.206823e+00 2.475000e+00 5.000000e-02
7.003857e+00 6.647779e-01 2.475000e+00 1.500000e-01
1.475905e+00 3.077481e-01 2.475000e+00 2.500000e-01
3.983756e-01 1.879616e-01 2.475000e+00 3.500000e-01
2.754361e-01 1.377182e-01 2.475000e+00 4.500000e-01
0.000000e+00 0.000000e+00 2.475000e+00 5.500000e-01
0.000000e+00 0.000000e+00 2.475000e+00 6.500000e-01
7.842283e-02 7.842283e-02 2.475000e+00 7.500000e-01
-8.165303e-02 8.165303e-02 2.475000e+00 8.500000e-01
0.000000e+00 0.000000e+00 2.475000e+00 9.500000e-01
0.000000e+00 0.000000e+00 2.475000e+00 1.050000e+00
-8.820360e-02 8.820360e-02 2.475000e+00 1.150000e+00
0.000000e+00 0.000000e+00 2.475000e+00 1.250000e+00
8.790103e-02 8.790102e-02 2.475000e+00 1.350000e+00
8.926180e-02 8.926181e-02 2.475000e+00 1.450000e+00
0.000000e+00 0.000000e+00 2.475000e+00 1.550000e+00
0.000000e+00 0.000000e+00 2.475000e+00 1.650000e+00
-8.831363e-02 8.831363e-02 2.475000e+00 1.750000e+00
0.000000e+00 0.000000e+00 2.475000e+00 1.850000e+00
0.000000e+00 0.000000e+00 2.475000e+00 1.950000e+00
8.564151e-02 8.564151e-02 2.475000e+00 2.050000e+00
3.017759e-04 1.204205e-01 2.475000e+00 2.150000e+00
0.000000e+00 0.000000e+00 2.475000e+00 2.250000e+00
0.000000e+00 0.000000e+00 2.475000e+00 2.350000e+00
-3.972016e-04 1.197888e-01 2.475000e+00 2.450000e+00
0.000000e+00 0.000000e+00 2.475000e+00 2.550000e+00
-8.283888e-02 1.429556e-01 2.475000e+00 2.650000e+00
2.458229e-01 1.419269e-01 2.475000e+00 2.750000e+00
3.346293e-04 1.129641e-01 2.475000e+00 2.850000e+00
8.088506e-02 8.088507e-02 2.475000e+00 2.950000e+00
8.060150e-02 8.060150e-02 2.475000e+00 3.050000e+00
0.000000e+00 0.000000e+00 2.475000e+00 3.150000e+00
7.705131e-02 7.705131e-02 2.475000e+00 3.250000e+00
-1.507210e-01 1.065761e-01 2.475000e+00 3.350000e+00
0.000000e+00 0.000000e+00 2.475000e+00 3.450000e+00
-5.118893e-04 9.303291e-02 2.475000e+00 3.550000e+00
3.595116e-05 1.226505e-01 2.475000e+00 3.650000e+00
5.834407e-02 1.282447e-01 2.475000e+00 3.750000e+00
-1.064459e-01 1.070835e-01 2.475000e+00 3.850000e+00
5.428467e-02 9.299245e-02 2.475000e+00 3.950000e+00
5.276666e-02 5.276666e-02 2.475000e+00 4.050000e+00
1.078455e-01 7.625883e-02 2.475000e+00 4.150000e+00
1.089817e-01 7.706224e-02 2.475000e+00 4.250000e+00
-5.631762e-02 5.631761e-02 2.475000e+00 4.350000e+00
-1.129537e-01 1.121480e-01 2.475000e+00 4.450000e+00
4.596724e-05 1.067576e-01 2.475000e+00 4.550000e+00
2.511847e-01 1.123349e-01 2.475000e+00 4.650000e+00
1.456417e-01 8.408704e-02 2.475000e+00 4.750000e+00
6.695926e-05 1.413666e-01 2.475000e+00 4.850000e+00
1.008241e-01 7.129367e-02 2.475000e+00 4.950000e+00
-6.439856e-04 9.397265e-02 2.475000e+00 5.050000e+00
8.824216e-02 1.257274e-01 2.475000e+00 5.150000e+00
4.449494e-02 1.002144e-01 2.475000e+00 5.250000e+00
1.258279e-01 1.102392e-01 2.475000e+00 5.350000e+00
-1.954824e-01 1.381346e-01 2.475000e+00 5.450000e+00
-3.463325e-01 1.828316e-01 2.475000e+00 5.550000e+00
3.197742e-03 2.992422e-01 2.475000e+00 5.650000e+00
0.000000e+00 0.000000e+00 2.475000e+00 5.750000e+00
nan nan 2.475000e+00 5.850000e+00
nan nan 2.475000e+00 5.950000e+00
nan nan 2.475000e+00 6.050000e+00
nan nan 2.475000e+00 6.150000e+00
nan nan 2.475000e+00 6.250000e+00
nan nan 2.475000e+00 6.350000e+00
nan nan 2.475000e+00 6.450000e+00
nan nan 2.475000e+00 6.550000e+00
nan nan 2.475000e+00 6.650000e+00
nan nan 2.475000e+00 6.750000e+00
nan nan 2.475000e+00 6.850000e+00
nan nan 2.475000e+00 6.950000e+00
2.726980e+01 1.472433e+00 2.524999e+00 5.000000e-02
6.233349e+00 7.295593e-01 2.524999e+00 1.500000e-01
1.038217e+00 2.997080e-01 2.524999e+00 2.500000e-01
5.582930e-01 2.630598e-01 2.524999e+00 3.500000e-01
4.569415e-01 2.043506e-01 2.524999e+00 4.500000e-01
9.063092e-02 9.063092e-02 2.524999e+00 5.500000e-01
9.746470e-02 9.746469e-02 2.524999e+00 6.500000e-01
2.795889e-01 1.614209e-01 2.524999e+00 7.500000e-01
9.482075e-02 9.482074e-02 2.524999e+00 8.500000e-01
1.920137e-01 1.357744e-01 2.524999e+00 9.500000e-01
8.661635e-02 8.661635e-02 2.524999e+00 1.050000e+00
0.000000e+00 0.000000e+00 2.524999e+00 1.150000e+00
8.268348e-02 8.268347e-02 2.524999e+00 1.250000e+00
1.550247e-01 1.096191e-01 2.524999e+00 1.350000e+00
1.775944e-05 1.129024e-01 2.524999e+00 1.450000e+00
2.162286e-01 1.248399e-01 2.524999e+00 1.550000e+00
0.000000e+00 0.000000e+00 2.524999e+00 1.650000e+00
-2.922534e-04 1.021731e-01 2.524999e+00 1.750000e+00
0.000000e+00 0.000000e+00 2.524999e+00 1.850000e+00
-1.229577e-04 9.972045e-02 2.524999e+00 1.950000e+00
0.000000e+00 0.000000e+00 2.524999e+00 2.050000e+00
0.000000e+00 0.000000e+00 2.524999e+00 2.150000e+00
0.000000e+00 0.000000e+00 2.524999e+00 2.250000e+00
0.000000e+00 0.000000e+00 2.524999e+00 2.350000e+00
1.375992e-01 9.729737e-02 2.524999e+00 2.450000e+00
-3.817018e-04 9.135748e-02 2.524999e+00 2.550000e+00
1.329976e-01 9.404440e-02 2.524999e+00 2.650000e+00
-6.798451e-02 1.179389e-01 2.524999e+00 2.750000e+00
-6.578444e-02 6.578444e-02 2.524999e+00 2.850000e+00
1.415052e-01 1.417369e-01 2.524999e+00 2.950000e+00
-1.558558e-04 9.533502e-02 2.524999e+00 3.050000e+00
0.000000e+00 0.000000e+00 2.524999e+00 3.150000e+00
-7.130788e-02 1.243898e-01 2.524999e+00 3.250000e+00
-1.522754e-01 1.076749e-01 2.524999e+00 3.350000e+00
7.437845e-02 7.437845e-02 2.524999e+00 3.450000e+00
-7.817531e-02 7.817531e-02 2.524999e+00 3.550000e+00
7.557107e-02 7.557107e-02 2.524999e+00 3.650000e+00
-7.795369e-02 7.795369e-02 2.524999e+00 3.750000e+00
0.000000e+00 0.000000e+00 2.524999e+00 3.850000e+00
1.386725e-01 1.383102e-01 2.524999e+00 3.950000e+00
-6.209537e-02 6.209537e-02 2.524999e+00 4.050000e+00
-5.713752e-02 5.713752e-02 2.524999e+00 4.150000e+00
1.035354e-01 7.321087e-02 2.524999e+00 4.250000e+00
1.073334e-01 7.589649e-02 2.524999e+00 4.350000e+00
1.043559e-01 7.379079e-02 2.524999e+00 4.450000e+00
1.688061e-01 9.746258e-02 2.524999e+00 4.550000e+00
-1.106044e-01 1.108638e-01 2.524999e+00 4.650000e+00
1.629101e-01 1.208549e-01 2.524999e+00 4.750000e+00
5.315149e-04 1.021248e-01 2.524999e+00 4.850000e+00
4.831872e-02 8.401613e-02 2.524999e+00 4.950000e+00
-1.001656e-01 1.004140e-01 2.524999e+00 5.050000e+00
1.981007e-01 1.214656e-01 2.524999e+00 5.150000e+00
-3.169236e-01 1.197863e-01 2.524999e+00 5.250000e+00
1.772795e-01 1.089082e-01 2.524999e+00 5.350000e+00
4.442875e-02 7.711147e-02 2.524999e+00 5.450000e+00
7.338301e-04 1.105403e-01 2.524999e+00 5.550000e+00
8.352606e-02 1.464315e-01 2.524999e+00 5.650000e+00
-8.550102e-04 4.004539e-01 2.524999e+00 5.750000e+00
0.000000e+00 0.000000e+00 2.524999e+00 5.850000e+00
nan nan 2.524999e+00 5.950000e+00
nan nan 2.524999e+00 6.050000e+00
nan nan 2.524999e+00 6.150000e+00
nan nan 2.524999e+00 6.250000e+00
nan nan 2.524999e+00 6.350000e+00
nan nan 2.524999e+00 6.450000e+00
nan nan 2.524999e+00 6.550000e+00
nan nan 2.524999e+00 6.650000e+00
nan nan 2.524999e+00 6.750000e+00
nan nan 2.524999e+00 6.850000e+00
nan nan 2.524999e+00 6.950000e+00
2.459388e+01 1.621676e+00 2.574999e+00 5.000000e-02
6.646642e+00 8.001624e-01 2.574999e+00 1.500000e-01
1.116546e+00 3.223195e-01 2.574999e+00 2.500000e-01
3.932223e-01 1.966117e-01 2.574999e+00 3.500000e-01
1.640730e-01 1.160171e-01 2.574999e+00 4.500000e-01
1.560658e-01 1.103552e-01 2.574999e+00 5.500000e-01
1.589626e-01 1.124039e-01 2.574999e+00 6.500000e-01
1.378211e-01 9.745458e-02 2.574999e+00 7.500000e-01
7.000021e-02 1.210387e-01 2.574999e+00 8.500000e-01
6.793536e-02 6.793537e-02 2.574999e+00 9.500000e-01
6.385204e-02 6.385204e-02 2.574999e+00 1.050000e+00
7.043320e-02 7.043320e-02 2.574999e+00 1.150000e+00
3.515938e-05 9.125291e-02 2.574999e+00 1.250000e+00
0.000000e+00 0.000000e+00 2.574999e+00 1.350000e+00
1.414515e-01 1.000213e-01 2.574999e+00 1.450000e+00
0.000000e+00 0.000000e+00 2.574999e+00 1.550000e+00
6.621982e-02 6.621981e-02 2.574999e+00 1.650000e+00
2.016058e-01 1.163974e-01 2.574999e+00 1.750000e+00
1.255157e-01 1.534412e-01 2.574999e+00 1.850000e+00
-2.893369e-04 9.870076e-02 2.574999e+00 1.950000e+00
6.237212e-02 6.237212e-02 2.574999e+00 2.050000e+00
6.373798e-02 6.373798e-02 2.574999e+00 2.150000e+00
1.344603e-01 9.507840e-02 2.574999e+00 2.250000e+00
-6.156451e-02 6.156450e-02 2.574999e+00 2.350000e+00
6.820679e-02 6.820679e-02 2.574999e+00 2.450000e+00
0.000000e+00 0.000000e+00 2.574999e+00 2.550000e+00
-6.334057e-02 1.089717e-01 2.574999e+00 2.650000e+00
1.296479e-01 1.295512e-01 2.574999e+00 2.750000e+00
0.000000e+00 0.000000e+00 2.574999e+00 2.850000e+00
0.000000e+00 0.000000e+00 2.574999e+00 2.950000e+00
2.380233e-01 1.190117e-01 2.574999e+00 3.050000e+00
-1.857158e-04 9.047594e-02 2.574999e+00 3.150000e+00
-5.732240e-02 1.543987e-01 2.574999e+00 3.250000e+00
1.240860e-01 1.237424e-01 2.574999e+00 3.350000e+00
1.222348e-01 8.643317e-02 2.574999e+00 3.450000e+00
2.405436e-01 1.202725e-01 2.574999e+00 3.550000e+00
1.333935e-01 1.630357e-01 2.574999e+00 3.650000e+00
-6.323641e-02 6.323641e-02 2.574999e+00 3.750000e+00
-7.269562e-02 1.627646e-01 2.574999e+00 3.850000e+00
1.386120e-01 9.801372e-02 2.574999e+00 3.950000e+00
-1.523717e-04 1.080026e-01 2.574999e+00 4.050000e+00
7.263434e-02 1.262670e-01 2.574999e+00 4.150000e+00
7.222058e-02 1.250732e-01 2.574999e+00 4.250000e+00
-1.291579e-01 9.132872e-02 2.574999e+00 4.350000e+00
-1.132079e-01 8.005007e-02 2.574999e+00 4.450000e+00
-2.145174e-01 1.072593e-01 2.574999e+00 4.550000e+00
5.142210e-02 8.870426e-02 2.574999e+00 4.650000e+00
5.559158e-02 5.559158e-02 2.574999e+00 4.750000e+00
2.193646e-01 1.344677e-01 2.574999e+00 4.850000e+00
-5.434824e-02 1.423717e-01 2.574999e+00 4.950000e+00
-1.016073e-01 1.250191e-01 2.574999e+00 5.050000e+00
1.472579e-01 1.625004e-01 2.574999e+00 5.150000e+00
9.792364e-02 1.409076e-01 2.574999e+00 5.250000e+00
4.747813e-02 1.048969e-01 2.574999e+00 5.350000e+00
-8.331181e-04 1.421165e-01 2.574999e+00 5.450000e+00
3.937543e-01 1.844161e-01 2.574999e+00 5.550000e+00
3.222219e-01 1.441062e-01 2.574999e+00 5.650000e+00
4.554476e-01 3.249785e-01 2.574999e+00 5.750000e+00
0.000000e+00 0.000000e+00 2.574999e+00 5.850000e+00
nan nan 2.574999e+00 5.950000e+00
nan nan 2.574999e+00 6.050000e+00
nan nan 2.574999e+00 6.150000e+00
nan nan 2.574999e+00 6.250000e+00
nan nan 2.574999e+00 6.350000e+00
nan nan 2.574999e+00 6.450000e+00
nan nan 2.574999e+00 6.550000e+00
nan nan 2.574999e+00 6.650000e+00
nan nan 2.574999e+00 6.750000e+00
nan nan 2.574999e+00 6.850000e+00
nan nan 2.574999e+00 6.950000e+00
2.325813e+01 1.365767e+00 2.624999e+00 5.000000e-02
6.505208e+00 6.605048e-01 2.624999e+00 1.500000e-01
1.114199e+00 2.785502e-01 2.624999e+00 2.500000e-01
7.023804e-02 1.223963e-01 2.624999e+00 3.500000e-01
1.290900e-01 9.128050e-02 2.624999e+00 4.500000e-01
1.442070e-01 1.019698e-01 2.624999e+00 5.500000e-01
6.842222e-02 6.842223e-02 2.624999e+00 6.500000e-01
1.294128e-01 9.150877e-02 2.624999e+00 7.500000e-01
7.464501e-02 7.464502e-02 2.624999e+00 8.500000e-01
6.623110e-02 6.623110e-02 2.624999e+00 9.500000e-01
6.481170e-02 6.481170e-02 2.624999e+00 1.050000e+00
7.552703e-02 7.552703e-02 2.624999e+00 1.150000e+00
1.925355e-01 1.111607e-01 2.624999e+00 1.250000e+00
0.000000e+00 0.000000e+00 2.624999e+00 1.350000e+00
7.370361e-02 7.370361e-02 2.624999e+00 1.450000e+00
1.301945e-01 9.206145e-02 2.624999e+00 1.550000e+00
0.000000e+00 0.000000e+00 2.624999e+00 1.650000e+00
7.148614e-02 7.148615e-02 2.624999e+00 1.750000e+00
-6.766887e-02 6.766888e-02 2.624999e+00 1.850000e+00
-7.864955e-02 7.864954e-02 2.624999e+00 1.950000e+00
-6.724645e-02 6.724646e-02 2.624999e+00 2.050000e+00
-7.097117e-02 7.097118e-02 2.624999e+00 2.150000e+00
7.553289e-02 7.553289e-02 2.624999e+00 2.250000e+00
-6.772104e-02 1.178362e-01 2.624999e+00 2.350000e+00
-7.889107e-02 7.889108e-02 2.624999e+00 2.450000e+00
0.000000e+00 0.000000e+00 2.624999e+00 2.550000e+00
0.000000e+00 0.000000e+00 2.624999e+00 2.650000e+00
0.000000e+00 0.000000e+00 2.624999e+00 2.750000e+00
-6.608916e-02 6.608915e-02 2.624999e+00 2.850000e+00
0.000000e+00 0.000000e+00 2.624999e+00 2.950000e+00
6.406134e-02 6.406134e-02 2.624999e+00 3.050000e+00
2.836925e-01 1.418465e-01 2.624999e+00 3.150000e+00
6.574798e-02 6.574798e-02 2.624999e+00 3.250000e+00
-1.098705e-05 9.069544e-02 2.624999e+00 3.350000e+00
-6.588675e-02 6.588675e-02 2.624999e+00 3.450000e+00
5.187975e-04 8.434419e-02 2.624999e+00 3.550000e+00
-6.436676e-02 6.436676e-02 2.624999e+00 3.650000e+00
1.136343e-01 1.140575e-01 2.624999e+00 3.750000e+00
1.276607e-01 1.278330e-01 2.624999e+00 3.850000e+00
1.678459e-01 1.247390e-01 2.624999e+00 3.950000e+00
6.422393e-02 1.120298e-01 2.624999e+00 4.050000e+00
5.921716e-02 1.031135e-01 2.624999e+00 4.150000e+00
1.420684e-01 1.004577e-01 2.624999e+00 4.250000e+00
1.991910e-01 1.489119e-01 2.624999e+00 4.350000e+00
-7.348689e-02 1.284691e-01 2.624999e+00 4.450000e+00
1.379255e-01 9.752808e-02 2.624999e+00 4.550000e+00
-6.239337e-02 6.239337e-02 2.624999e+00 4.650000e+00
-5.643521e-02 9.678153e-02 2.624999e+00 4.750000e+00
1.546399e-01 1.352913e-01 2.624999e+00 4.850000e+00
-5.578755e-02 1.251646e-01 2.624999e+00 4.950000e+00
1.638081e-01 1.445301e-01 2.624999e+00 5.050000e+00
1.578945e-01 1.172673e-01 2.624999e+00 5.150000e+00
-5.308034e-02 1.674293e-01 2.624999e+00 5.250000e+00
-1.493651e-01 1.111595e-01 2.624999e+00 5.350000e+00
5.001408e-02 1.607935e-01 2.624999e+00 5.450000e+00
9.084474e-02 9.082568e-02 2.624999e+00 5.550000e+00
1.114177e-01 1.581412e-01 2.624999e+00 5.650000e+00
2.011321e-03 1.568987e-01 2.624999e+00 5.750000e+00
-3.392943e-01 2.399192e-01 2.624999e+00 5.850000e+00
0.000000e+00 0.000000e+00 2.624999e+00 5.950000e+00
nan nan 2.624999e+00 6.050000e+00
nan nan 2.624999e+00 6.150000e+00
nan nan 2.624999e+00 6.250000e+00
nan nan 2.624999e+00 6.350000e+00
nan nan 2.624999e+00 6.450000e+00
nan nan 2.624999e+00 6.550000e+00
nan nan 2.624999e+00 6.650000e+00
nan nan 2.624999e+00 6.750000e+00
nan nan 2.624999e+00 6.850000e+00
nan nan 2.624999e+00 6.950000e+00
2.236400e+01 1.229239e+00 2.674999e+00 5.000000e-02
6.536903e+00 6.569844e-01 2.674999e+00 1.500000e-01
1.179101e+00 3.044432e-01 2.674999e+00 2.500000e-01
6.013075e-01 2.004362e-01 2.674999e+00 3.500000e-01
4.645492e-01 1.755834e-01 2.674999e+00 4.500000e-01
1.590296e-01 1.124512e-01 2.674999e+00 5.500000e-01
1.977839e-01 1.141907e-01 2.674999e+00 6.500000e-01
2.722709e-01 1.361356e-01 2.674999e+00 7.500000e-01
1.683542e-01 1.190445e-01 2.674999e+00 8.500000e-01
1.388286e-01 9.816678e-02 2.674999e+00 9.500000e-01
2.932998e-01 1.466502e-01 2.674999e+00 1.050000e+00
1.709456e-01 1.208768e-01 2.674999e+00 1.150000e+00
7.386415e-02 7.386415e-02 2.674999e+00 1.250000e+00
0.000000e+00 0.000000e+00 2.674999e+00 1.350000e+00
8.340531e-02 8.340531e-02 2.674999e+00 1.450000e+00
-7.519114e-02 7.519114e-02 2.674999e+00 1.550000e+00
6.015196e-04 1.265848e-01 2.674999e+00 1.650000e+00
7.721476e-02 1.342226e-01 2.674999e+00 1.750000e+00
7.612451e-02 1.683383e-01 2.674999e+00 1.850000e+00
0.000000e+00 0.000000e+00 2.674999e+00 1.950000e+00
0.000000e+00 0.000000e+00 2.674999e+00 2.050000e+00
1.635198e-01 1.156263e-01 2.674999e+00 2.150000e+00
8.318485e-02 1.447485e-01 2.674999e+00 2.250000e+00
-7.398307e-02 7.398307e-02 2.674999e+00 2.350000e+00
0.000000e+00 0.000000e+00 2.674999e+00 2.450000e+00
7.523805e-02 1.297450e-01 2.674999e+00 2.550000e+00
1.552677e-01 1.097909e-01 2.674999e+00 2.650000e+00
2.500186e-01 1.868048e-01 2.674999e+00 2.750000e+00
1.448417e-01 1.024185e-01 2.674999e+00 2.850000e+00
8.718021e-02 8.718021e-02 2.674999e+00 2.950000e+00
7.193275e-02 7.193275e-02 2.674999e+00 3.050000e+00
7.668237e-02 1.330539e-01 2.674999e+00 3.150000e+00
1.436395e-04 1.480239e-01 2.674999e+00 3.250000e+00
7.004807e-02 1.212448e-01 2.674999e+00 3.350000e+00
7.965272e-02 1.394962e-01 2.674999e+00 3.450000e+00
-1.372752e-01 9.706896e-02 2.674999e+00 3.550000e+00
4.077691e-05 1.120241e-01 2.674999e+00 3.650000e+00
1.299890e-01 9.191632e-02 2.674999e+00 3.750000e+00
7.257966e-02 7.257966e-02 2.674999e+00 3.850000e+00
1.837718e-01 1.370047e-01 2.674999e+00 3.950000e+00
6.609605e-02 6.609605e-02 2.674999e+00 4.050000e+00
0.000000e+00 0.000000e+00 2.674999e+00 4.150000e+00
1.232995e-01 1.513997e-01 2.674999e+00 4.250000e+00
1.652696e-01 9.541866e-02 2.674999e+00 4.350000e+00
6.497912e-02 1.124360e-01 2.674999e+00 4.450000e+00
1.212310e-01 8.572351e-02 2.674999e+00 4.550000e+00
7.148969e-02 1.251627e-01 2.674999e+00 4.650000e+00
6.829338e-02 1.174196e-01 2.674999e+00 4.750000e+00
3.363596e-01 1.504257e-01 2.674999e+00 4.850000e+00
4.266168e-05 1.424459e-01 2.674999e+00 4.950000e+00
5.086254e-02 8.838853e-02 2.674999e+00 5.050000e+00
5.828262e-04 1.125506e-01 2.674999e+00 5.150000e+00
5.410936e-02 1.445623e-01 2.674999e+00 5.250000e+00
5.003593e-02 1.123171e-01 2.674999e+00 5.350000e+00
1.004951e-01 1.416415e-01 2.674999e+00 5.450000e+00
1.510989e-01 1.797341e-01 2.674999e+00 5.550000e+00
1.442778e-01 1.283559e-01 2.674999e+00 5.650000e+00
2.595384e-01 1.581961e-01 2.674999e+00 5.750000e+00
-1.988227e-01 1.405895e-01 2.674999e+00 5.850000e+00
0.000000e+00 0.000000e+00 2.674999e+00 5.950000e+00
nan nan 2.674999e+00 6.050000e+00
nan nan 2.674999e+00 6.150000e+00
nan nan 2.674999e+00 6.250000e+00
nan nan 2.674999e+00 6.350000e+00
nan nan 2.674999e+00 6.450000e+00
nan nan 2.674999e+00 6.550000e+00
nan nan 2.674999e+00 6.650000e+00
nan nan 2.674999e+00 6.750000e+00
nan nan 2.674999e+00 6.850000e+00
nan nan 2.674999e+00 6.950000e+00
2.379833e+01 1.243961e+00 2.724999e+00 5.000000e-02
7.438907e+00 7.402000e-01 2.724999e+00 1.500000e-01
7.652343e-01 2.550785e-01 2.724999e+00 2.500000e-01
2.798843e-01 1.399423e-01 2.724999e+00 3.500000e-01
3.186299e-01 1.593154e-01 2.724999e+00 4.500000e-01
1.798279e-01 1.271575e-01 2.724999e+00 5.500000e-01
2.275794e-01 1.313932e-01 2.724999e+00 6.500000e-01
8.671596e-02 8.671596e-02 2.724999e+00 7.500000e-01
1.769490e-01 1.773284e-01 2.724999e+00 8.500000e-01
1.535551e-01 1.085806e-01 2.724999e+00 9.500000e-01
9.116536e-02 9.116536e-02 2.724999e+00 1.050000e+00
3.482049e-01 1.741027e-01 2.724999e+00 1.150000e+00
7.719002e-02 7.719002e-02 2.724999e+00 1.250000e+00
1.129494e-04 1.332392e-01 2.724999e+00 1.350000e+00
1.600543e-01 1.131755e-01 2.724999e+00 1.450000e+00
2.176248e-01 1.256461e-01 2.724999e+00 1.550000e+00
-8.993777e-02 8.993776e-02 2.724999e+00 1.650000e+00
0.000000e+00 0.000000e+00 2.724999e+00 1.750000e+00
2.193003e-01 1.266132e-01 2.724999e+00 1.850000e+00
0.000000e+00 0.000000e+00 2.724999e+00 1.950000e+00
-2.337815e-04 9.444560e-02 2.724999e+00 2.050000e+00
1.520542e-01 1.075187e-01 2.724999e+00 2.150000e+00
-7.452846e-02 1.281616e-01 2.724999e+00 2.250000e+00
1.305439e-01 9.230845e-02 2.724999e+00 2.350000e+00
8.138516e-02 1.406418e-01 2.724999e+00 2.450000e+00
-1.316264e-01 1.312768e-01 2.724999e+00 2.550000e+00
2.074988e-01 1.197998e-01 2.724999e+00 2.650000e+00
7.466871e-02 7.466870e-02 2.724999e+00 2.750000e+00
0.000000e+00 0.000000e+00 2.724999e+00 2.850000e+00
-5.373085e-05 1.106844e-01 2.724999e+00 2.950000e+00
6.535156e-02 6.535156e-02 2.724999e+00 3.050000e+00
4.244748e-01 1.732914e-01 2.724999e+00 3.150000e+00
1.477639e-01 1.478368e-01 2.724999e+00 3.250000e+00
6.484266e-02 1.125557e-01 2.724999e+00 3.350000e+00
0.000000e+00 0.000000e+00 2.724999e+00 3.450000e+00
6.356130e-02 1.101310e-01 2.724999e+00 3.550000e+00
1.563047e-01 1.557510e-01 2.724999e+00 3.650000e+00
6.774807e-02 6.774808e-02 2.724999e+00 3.750000e+00
1.490559e-01 1.054004e-01 2.724999e+00 3.850000e+00
7.063953e-02 1.227800e-01 2.724999e+00 3.950000e+00
2.864367e-01 1.432192e-01 2.724999e+00 4.050000e+00
-7.048481e-02 7.048481e-02 2.724999e+00 4.150000e+00
6.727135e-02 1.173592e-01 2.724999e+00 4.250000e+00
1.321599e-01 1.313737e-01 2.724999e+00 4.350000e+00
-1.248263e-01 1.245993e-01 2.724999e+00 4.450000e+00
-5.862478e-02 1.011060e-01 2.724999e+00 4.550000e+00
5.803121e-02 1.019274e-01 2.724999e+00 4.650000e+00
5.859967e-02 1.002908e-01 2.724999e+00 4.750000e+00
2.045120e-01 1.810011e-01 2.724999e+00 4.850000e+00
-1.323044e-01 1.319596e-01 2.724999e+00 4.950000e+00
2.071193e-01 1.548324e-01 2.724999e+00 5.050000e+00
-1.065632e-03 1.654877e-01 2.724999e+00 5.150000e+00
-8.606395e-04 1.023782e-01 2.724999e+00 5.250000e+00
-5.559518e-02 1.267978e-01 2.724999e+00 5.350000e+00
1.099531e-01 1.098133e-01 2.724999e+00 5.450000e+00
-1.473035e-01 1.455862e-01 2.724999e+00 5.550000e+00
4.891745e-02 1.498035e-01 2.724999e+00 5.650000e+00
5.612266e-02 1.240281e-01 2.724999e+00 5.750000e+00
-4.666011e-01 2.194750e-01 2.724999e+00 5.850000e+00
-1.501032e-01 1.501032e-01 2.724999e+00 5.950000e+00
0.000000e+00 0.000000e+00 2.724999e+00 6.050000e+00
nan nan 2.724999e+00 6.150000e+00
nan nan 2.724999e+00 6.250000e+00
nan nan 2.724999e+00 6.350000e+00
nan nan 2.724999e+00 6.450000e+00
nan nan 2.724999e+00 6.550000e+00
nan nan 2.724999e+00 6.650000e+00
nan nan 2.724999e+00 6.750000e+00
nan nan 2.724999e+00 6.850000e+00
nan nan 2.724999e+00 6.950000e+00
2.104122e+01 1.282908e+00 2.774999e+00 5.000000e-02
5.317082e+00 7.169562e-01 2.774999e+00 1.500000e-01
1.010501e+00 2.917069e-01 2.774999e+00 2.500000e-01
4.777368e-01 2.254033e-01 2.774999e+00 3.500000e-01
1.998934e-01 1.413462e-01 2.774999e+00 4.500000e-01
1.738552e-01 1.229342e-01 2.774999e+00 5.500000e-01
7.845318e-02 7.845317e-02 2.774999e+00 6.500000e-01
1.865176e-01 1.318881e-01 2.774999e+00 7.500000e-01
3.154919e-01 1.577461e-01 2.774999e+00 8.500000e-01
7.300004e-02 7.300003e-02 2.774999e+00 9.500000e-01
1.766326e-01 1.762639e-01 2.774999e+00 1.050000e+00
7.078374e-02 7.078374e-02 2.774999e+00 1.150000e+00
1.364915e-01 9.651410e-02 2.774999e+00 1.250000e+00
1.495717e-04 1.713784e-01 2.774999e+00 1.350000e+00
2.052408e-01 1.184958e-01 2.774999e+00 1.450000e+00
7.003780e-02 7.003780e-02 2.774999e+00 1.550000e+00
1.706081e-01 1.206381e-01 2.774999e+00 1.650000e+00
6.617348e-02 1.142790e-01 2.774999e+00 1.750000e+00
4.404159e-01 1.797996e-01 2.774999e+00 1.850000e+00
1.586876e-01 1.122091e-01 2.774999e+00 1.950000e+00
-6.480569e-02 6.480569e-02 2.774999e+00 2.050000e+00
0.000000e+00 0.000000e+00 2.774999e+00 2.150000e+00
7.377994e-02 7.377994e-02 2.774999e+00 2.250000e+00
1.317993e-01 9.319655e-02 2.774999e+00 2.350000e+00
0.000000e+00 0.000000e+00 2.774999e+00 2.450000e+00
1.324991e-01 9.369102e-02 2.774999e+00 2.550000e+00
1.423138e-01 1.006312e-01 2.774999e+00 2.650000e+00
3.814477e-01 2.022602e-01 2.774999e+00 2.750000e+00
6.293456e-02 6.293456e-02 2.774999e+00 2.850000e+00
1.585915e-01 1.944550e-01 2.774999e+00 2.950000e+00
-6.599475e-02 1.146355e-01 2.774999e+00 3.050000e+00
-6.879273e-02 6.879273e-02 2.774999e+00 3.150000e+00
7.441309e-02 1.278972e-01 2.774999e+00 3.250000e+00
-2.513857e-04 8.722317e-02 2.774999e+00 3.350000e+00
7.821621e-02 1.343282e-01 2.774999e+00 3.450000e+00
2.496704e-01 1.248359e-01 2.774999e+00 3.550000e+00
7.170109e-02 1.607157e-01 2.774999e+00 3.650000e+00
-6.130609e-04 1.580165e-01 2.774999e+00 3.750000e+00
5.253374e-04 9.299723e-02 2.774999e+00 3.850000e+00
6.757813e-02 1.544038e-01 2.774999e+00 3.950000e+00
3.077853e-04 1.255183e-01 2.774999e+00 4.050000e+00
7.374809e-02 1.284052e-01 2.774999e+00 4.150000e+00
2.511745e-01 1.540330e-01 2.774999e+00 4.250000e+00
7.550814e-02 1.323834e-01 2.774999e+00 4.350000e+00
-6.457680e-02 6.457680e-02 2.774999e+00 4.450000e+00
7.395536e-02 1.289921e-01 2.774999e+00 4.550000e+00
-6.248023e-02 6.248023e-02 2.774999e+00 4.650000e+00
1.290249e-01 9.123444e-02 2.774999e+00 4.750000e+00
-1.131525e-01 8.001096e-02 2.774999e+00 4.850000e+00
3.341333e-04 1.149389e-01 2.774999e+00 4.950000e+00
6.450408e-02 6.450408e-02 2.774999e+00 5.050000e+00
-4.634552e-04 9.269942e-02 2.774999e+00 5.150000e+00
-6.989652e-02 1.816809e-01 2.774999e+00 5.250000e+00
-1.711932e-01 1.513031e-01 2.774999e+00 5.350000e+00
-5.195759e-02 8.912994e-02 2.774999e+00 5.450000e+00
1.700118e-01 1.677330e-01 2.774999e+00 5.550000e+00
-6.427043e-04 1.286317e-01 2.774999e+00 5.650000e+00
-5.162728e-02 1.137901e-01 2.774999e+00 5.750000e+00
1.949947e-01 2.166072e-01 2.774999e+00 5.850000e+00
1.991594e-01 1.992523e-01 2.774999e+00 5.950000e+00
1.971585e-03 5.309618e-01 2.774999e+00 6.050000e+00
0.000000e+00 0.000000e+00 2.774999e+00 6.150000e+00
nan nan 2.774999e+00 6.250000e+00
nan nan 2.774999e+00 6.350000e+00
nan nan 2.774999e+00 6.450000e+00
nan nan 2.774999e+00 6.550000e+00
nan nan 2.774999e+00 6.650000e+00
nan nan 2.774999e+00 6.750000e+00
nan nan 2.774999e+00 6.850000e+00
nan nan 2.774999e+00 6.950000e+00
2.158113e+01 1.401847e+00 2.824999e+00 5.000000e-02
6.342730e+00 7.864404e-01 2.824999e+00 1.500000e-01
8.913623e-01 2.573145e-01 2.824999e+00 2.500000e-01
4.795641e-01 1.957817e-01 2.824999e+00 3.500000e-01
8.748791e-02 8.748791e-02 2.824999e+00 4.500000e-01
1.367092e-01 1.368040e-01 2.824999e+00 5.500000e-01
1.483785e-01 1.049196e-01 2.824999e+00 6.500000e-01
8.701000e-02 8.700999e-02 2.824999e+00 7.500000e-01
3.423876e-01 1.531207e-01 2.824999e+00 8.500000e-01
1.483937e-01 1.049303e-01 2.824999e+00 9.500000e-01
1.728805e-01 1.222456e-01 2.824999e+00 1.050000e+00
0.000000e+00 0.000000e+00 2.824999e+00 1.150000e+00
1.506695e-01 1.065395e-01 2.824999e+00 1.250000e+00
1.709907e-01 1.209087e-01 2.824999e+00 1.350000e+00
1.338504e-01 9.464673e-02 2.824999e+00 1.450000e+00
0.000000e+00 0.000000e+00 2.824999e+00 1.550000e+00
8.448444e-02 8.448443e-02 2.824999e+00 1.650000e+00
1.352255e-01 9.561886e-02 2.824999e+00 1.750000e+00
-8.373258e-02 8.373257e-02 2.824999e+00 1.850000e+00
-8.343569e-02 8.343569e-02 2.824999e+00 1.950000e+00
0.000000e+00 0.000000e+00 2.824999e+00 2.050000e+00
9.098081e-02 9.098081e-02 2.824999e+00 2.150000e+00
7.981916e-02 7.981916e-02 2.824999e+00 2.250000e+00
2.759388e-04 1.070611e-01 2.824999e+00 2.350000e+00
0.000000e+00 0.000000e+00 2.824999e+00 2.450000e+00
7.556487e-02 7.556487e-02 2.824999e+00 2.550000e+00
0.000000e+00 0.000000e+00 2.824999e+00 2.650000e+00
1.768834e-01 1.250755e-01 2.824999e+00 2.750000e+00
4.711282e-05 1.028770e-01 2.824999e+00 2.850000e+00
3.713269e-01 1.856641e-01 2.824999e+00 2.950000e+00
0.000000e+00 0.000000e+00 2.824999e+00 3.050000e+00
1.169273e-04 1.131332e-01 2.824999e+00 3.150000e+00
8.805436e-02 1.519316e-01 2.824999e+00 3.250000e+00
1.413987e-01 9.998446e-02 2.824999e+00 3.350000e+00
2.683615e-01 1.549393e-01 2.824999e+00 3.450000e+00
3.604679e-01 1.612063e-01 2.824999e+00 3.550000e+00
0.000000e+00 0.000000e+00 2.824999e+00 3.650000e+00
0.000000e+00 0.000000e+00 2.824999e+00 3.750000e+00
0.000000e+00 0.000000e+00 2.824999e+00 3.850000e+00
7.693965e-02 1.331630e-01 2.824999e+00 3.950000e+00
0.000000e+00 0.000000e+00 2.824999e+00 4.050000e+00
-7.423986e-02 1.289264e-01 2.824999e+00 4.150000e+00
1.774087e-01 1.024275e-01 2.824999e+00 4.250000e+00
7.190068e-02 7.190068e-02 2.824999e+00 4.350000e+00
5.926230e-02 1.571194e-01 2.824999e+00 4.450000e+00
0.000000e+00 0.000000e+00 2.824999e+00 4.550000e+00
-6.056703e-02 1.374484e-01 2.824999e+00 4.650000e+00
-7.444194e-02 1.277786e-01 2.824999e+00 4.750000e+00
-6.240601e-02 1.085371e-01 2.824999e+00 4.850000e+00
-6.843898e-02 1.194675e-01 2.824999e+00 4.950000e+00
1.156856e-01 8.180239e-02 2.824999e+00 5.050000e+00
-1.162530e-01 1.637181e-01 2.824999e+00 5.150000e+00
1.886500e-01 1.414814e-01 2.824999e+00 5.250000e+00
6.495893e-02 1.140073e-01 2.824999e+00 5.350000e+00
1.955463e-01 1.454823e-01 2.824999e+00 5.450000e+00
0.000000e+00 0.000000e+00 2.824999e+00 5.550000e+00
3.141544e-01 1.659421e-01 2.824999e+00 5.650000e+00
5.285864e-02 1.165397e-01 2.824999e+00 5.750000e+00
-2.323682e-01 1.413612e-01 2.824999e+00 5.850000e+00
-3.175735e-01 1.938512e-01 2.824999e+00 5.950000e+00
2.837356e-01 3.426512e-01 2.824999e+00 6.050000e+00
0.000000e+00 0.000000e+00 2.824999e+00 6.150000e+00
nan nan 2.824999e+00 6.250000e+00
nan nan 2.824999e+00 6.350000e+00
nan nan 2.824999e+00 6.450000e+00
nan nan 2.824999e+00 6.550000e+00
nan nan 2.824999e+00 6.650000e+00
nan nan 2.824999e+00 6.750000e+00
nan nan 2.824999e+00 6.850000e+00
nan nan 2.824999e+00 6.950000e+00
2.199287e+01 1.385423e+00 2.874999e+00 5.000000e-02
6.037953e+00 6.880897e-01 2.874999e+00 1.500000e-01
1.301070e+00 2.984861e-01 2.874999e+00 2.500000e-01
9.504665e-01 2.865771e-01 2.874999e+00 3.500000e-01
1.620582e-01 1.145925e-01 2.874999e+00 4.500000e-01
3.395490e-01 1.518511e-01 2.874999e+00 5.500000e-01
1.699395e-01 1.201654e-01 2.874999e+00 6.500000e-01
0.000000e+00 0.000000e+00 2.874999e+00 7.500000e-01
6.742871e-02 1.168664e-01 2.874999e+00 8.500000e-01
8.497607e-02 8.497608e-02 2.874999e+00 9.500000e-01
2.583081e-04 1.249241e-01 2.874999e+00 1.050000e+00
-5.000749e-04 1.021496e-01 2.874999e+00 1.150000e+00
0.000000e+00 0.000000e+00 2.874999e+00 1.250000e+00
1.843780e-01 1.303752e-01 2.874999e+00 1.350000e+00
0.000000e+00 0.000000e+00 2.874999e+00 1.450000e+00
9.897892e-02 9.897892e-02 2.874999e+00 1.550000e+00
0.000000e+00 0.000000e+00 2.874999e+00 1.650000e+00
0.000000e+00 0.000000e+00 2.874999e+00 1.750000e+00
1.005239e-01 1.005239e-01 2.874999e+00 1.850000e+00
0.000000e+00 0.000000e+00 2.874999e+00 1.950000e+00
-8.134354e-02 8.134354e-02 2.874999e+00 2.050000e+00
0.000000e+00 0.000000e+00 2.874999e+00 2.150000e+00
0.000000e+00 0.000000e+00 2.874999e+00 2.250000e+00
8.564946e-02 1.479457e-01 2.874999e+00 2.350000e+00
-1.002805e-01 1.002805e-01 2.874999e+00 2.450000e+00
0.000000e+00 0.000000e+00 2.874999e+00 2.550000e+00
-1.773596e-01 1.254122e-01 2.874999e+00 2.650000e+00
0.000000e+00 0.000000e+00 2.874999e+00 2.750000e+00
0.000000e+00 0.000000e+00 2.874999e+00 2.850000e+00
0.000000e+00 0.000000e+00 2.874999e+00 2.950000e+00
0.000000e+00 0.000000e+00 2.874999e+00 3.050000e+00
0.000000e+00 0.000000e+00 2.874999e+00 3.150000e+00
9.123666e-02 9.123666e-02 2.874999e+00 3.250000e+00
1.425338e-01 1.431479e-01 2.874999e+00 3.350000e+00
8.977562e-02 8.977563e-02 2.874999e+00 3.450000e+00
1.250074e-04 1.105216e-01 2.874999e+00 3.550000e+00
8.179748e-02 8.179748e-02 2.874999e+00 3.650000e+00
-8.962612e-02 1.534989e-01 2.874999e+00 3.750000e+00
-1.603189e-04 1.034310e-01 2.874999e+00 3.850000e+00
8.812569e-02 8.812568e-02 2.874999e+00 3.950000e+00
7.187174e-02 7.187175e-02 2.874999e+00 4.050000e+00
2.152391e-04 1.739037e-01 2.874999e+00 4.150000e+00
-7.135358e-02 1.572835e-01 2.874999e+00 4.250000e+00
7.753258e-02 1.353564e-01 2.874999e+00 4.350000e+00
3.328538e-01 1.488587e-01 2.874999e+00 4.450000e+00
-2.470713e-04 9.878208e-02 2.874999e+00 4.550000e+00
-6.205013e-02 1.392096e-01 2.874999e+00 4.650000e+00
1.977507e-01 1.479188e-01 2.874999e+00 4.750000e+00
-6.106223e-02 1.372907e-01 2.874999e+00 4.850000e+00
0.000000e+00 0.000000e+00 2.874999e+00 4.950000e+00
6.089517e-02 1.641965e-01 2.874999e+00 5.050000e+00
0.000000e+00 0.000000e+00 2.874999e+00 5.150000e+00
4.655856e-04 1.645293e-01 2.874999e+00 5.250000e+00
1.181132e-01 1.658961e-01 2.874999e+00 5.350000e+00
-1.272486e-03 1.796850e-01 2.874999e+00 5.450000e+00
1.454076e-03 9.385679e-02 2.874999e+00 5.550000e+00
1.779273e-01 1.328020e-01 2.874999e+00 5.650000e+00
2.214654e-01 1.107342e-01 2.874999e+00 5.750000e+00
5.602330e-02 1.222714e-01 2.874999e+00 5.850000e+00
-6.566460e-02 1.990153e-01 2.874999e+00 5.950000e+00
1.009987e-01 2.298183e-01 2.874999e+00 6.050000e+00
0.000000e+00 0.000000e+00 2.874999e+00 6.150000e+00
0.000000e+00 0.000000e+00 2.874999e+00 6.250000e+00
nan nan 2.874999e+00 6.350000e+00
nan nan 2.874999e+00 6.450000e+00
nan nan 2.874999e+00 6.550000e+00
nan nan 2.874999e+00 6.650000e+00
nan nan 2.874999e+00 6.750000e+00
nan nan 2.874999e+00 6.850000e+00
nan nan 2.874999e+00 6.950000e+00
2.404413e+01 1.460579e+00 2.924999e+00 5.000000e-02
5.676777e+00 6.386882e-01 2.924999e+00 1.500000e-01
1.405649e+00 3.313153e-01 2.924999e+00 2.500000e-01
4.502629e-01 2.381762e-01 2.924999e+00 3.500000e-01
7.814112e-02 7.814112e-02 2.924999e+00 4.500000e-01
3.193110e-01 1.596558e-01 2.924999e+00 5.500000e-01
1.958927e-01 1.385171e-01 2.924999e+00 6.500000e-01
2.624952e-01 1.954487e-01 2.924999e+00 7.500000e-01
0.000000e+00 0.000000e+00 2.924999e+00 8.500000e-01
-1.046514e-01 1.046514e-01 2.924999e+00 9.500000e-01
0.000000e+00 0.000000e+00 2.924999e+00 1.050000e+00
0.000000e+00 0.000000e+00 2.924999e+00 1.150000e+00
3.179383e-01 1.835619e-01 2.924999e+00 1.250000e+00
-9.386313e-02 9.386312e-02 2.924999e+00 1.350000e+00
1.706373e-01 1.206588e-01 2.924999e+00 1.450000e+00
-1.021881e-01 1.021881e-01 2.924999e+00 1.550000e+00
8.576077e-02 8.576077e-02 2.924999e+00 1.650000e+00
2.376635e-01 1.372152e-01 2.924999e+00 1.750000e+00
0.000000e+00 0.000000e+00 2.924999e+00 1.850000e+00
1.593125e-01 1.126510e-01 2.924999e+00 1.950000e+00
7.622209e-02 7.622208e-02 2.924999e+00 2.050000e+00
-8.954773e-02 8.954773e-02 2.924999e+00 2.150000e+00
0.000000e+00 0.000000e+00 2.924999e+00 2.250000e+00
1.546275e-01 1.093382e-01 2.924999e+00 2.350000e+00
0.000000e+00 0.000000e+00 2.924999e+00 2.450000e+00
6.807662e-02 6.807662e-02 2.924999e+00 2.550000e+00
1.625419e-01 1.632751e-01 2.924999e+00 2.650000e+00
8.205220e-02 8.205221e-02 2.924999e+00 2.750000e+00
6.681717e-02 6.681717e-02 2.924999e+00 2.850000e+00
1.712783e-01 1.211120e-01 2.924999e+00 2.950000e+00
0.000000e+00 0.000000e+00 2.924999e+00 3.050000e+00
0.000000e+00 0.000000e+00 2.924999e+00 3.150000e+00
1.669182e-01 1.180290e-01 2.924999e+00 3.250000e+00
6.560694e-02 6.560694e-02 2.924999e+00 3.350000e+00
0.000000e+00 0.000000e+00 2.924999e+00 3.450000e+00
-7.213606e-02 7.213606e-02 2.924999e+00 3.550000e+00
-8.498881e-04 1.429203e-01 2.924999e+00 3.650000e+00
-8.067473e-02 8.067474e-02 2.924999e+00 3.750000e+00
1.309820e-01 9.261845e-02 2.924999e+00 3.850000e+00
1.684124e-01 1.190856e-01 2.924999e+00 3.950000e+00
6.955263e-02 1.550769e-01 2.924999e+00 4.050000e+00
7.922761e-02 1.372012e-01 2.924999e+00 4.150000e+00
7.494289e-02 7.494289e-02 2.924999e+00 4.250000e+00
7.616619e-02 1.323599e-01 2.924999e+00 4.350000e+00
2.389351e-01 1.781761e-01 2.924999e+00 4.450000e+00
7.354135e-02 1.275791e-01 2.924999e+00 4.550000e+00
2.380801e-01 1.374557e-01 2.924999e+00 4.650000e+00
0.000000e+00 0.000000e+00 2.924999e+00 4.750000e+00
7.056398e-02 1.216110e-01 2.924999e+00 4.850000e+00
6.306791e-02 1.418892e-01 2.924999e+00 4.950000e+00
1.244392e-01 1.527576e-01 2.924999e+00 5.050000e+00
2.577460e-01 1.288755e-01 2.924999e+00 5.150000e+00
3.492764e-04 1.247286e-01 2.924999e+00 5.250000e+00
-2.096217e-01 1.557076e-01 2.924999e+00 5.350000e+00
5.874485e-02 1.308407e-01 2.924999e+00 5.450000e+00
1.173624e-01 1.659097e-01 2.924999e+00 5.550000e+00
4.625986e-01 2.195191e-01 2.924999e+00 5.650000e+00
6.596839e-02 1.929886e-01 2.924999e+00 5.750000e+00
-2.628467e-04 1.850817e-01 2.924999e+00 5.850000e+00
-5.917076e-02 1.626247e-01 2.924999e+00 5.950000e+00
-3.312138e-01 2.021030e-01 2.924999e+00 6.050000e+00
3.040688e-01 4.098587e-01 2.924999e+00 6.150000e+00
0.000000e+00 0.000000e+00 2.924999e+00 6.250000e+00
nan nan 2.924999e+00 6.350000e+00
nan nan 2.924999e+00 6.450000e+00
nan nan 2.924999e+00 6.550000e+00
nan nan 2.924999e+00 6.650000e+00
nan nan 2.924999e+00 6.750000e+00
nan nan 2.924999e+00 6.850000e+00
nan nan 2.924999e+00 6.950000e+00
2.436061e+01 1.479804e+00 2.974999e+00 5.000000e-02
6.738349e+00 7.308777e-01 2.974999e+00 1.500000e-01
9.208871e-01 3.069629e-01 2.974999e+00 2.500000e-01
7.122596e-01 2.692095e-01 2.974999e+00 3.500000e-01
4.166253e-01 2.203550e-01 2.974999e+00 4.500000e-01
-3.481306e-05 1.461420e-01 2.974999e+00 5.500000e-01
0.000000e+00 0.000000e+00 2.974999e+00 6.500000e-01
1.726722e-01 1.220977e-01 2.974999e+00 7.500000e-01
9.752889e-02 9.752890e-02 2.974999e+00 8.500000e-01
9.908322e-02 9.908322e-02 2.974999e+00 9.500000e-01
0.000000e+00 0.000000e+00 2.974999e+00 1.050000e+00
8.678359e-02 8.678359e-02 2.974999e+00 1.150000e+00
9.114470e-02 9.114470e-02 2.974999e+00 1.250000e+00
0.000000e+00 0.000000e+00 2.974999e+00 1.350000e+00
8.009596e-02 8.009596e-02 2.974999e+00 1.450000e+00
0.000000e+00 0.000000e+00 2.974999e+00 1.550000e+00
7.499024e-02 7.499024e-02 2.974999e+00 1.650000e+00
1.601665e-01 1.132548e-01 2.974999e+00 1.750000e+00
0.000000e+00 0.000000e+00 2.974999e+00 1.850000e+00
0.000000e+00 0.000000e+00 2.974999e+00 1.950000e+00
2.422926e-01 1.398884e-01 2.974999e+00 2.050000e+00
0.000000e+00 0.000000e+00 2.974999e+00 2.150000e+00
7.119724e-02 7.119724e-02 2.974999e+00 2.250000e+00
0.000000e+00 0.000000e+00 2.974999e+00 2.350000e+00
0.000000e+00 0.000000e+00 2.974999e+00 2.450000e+00
1.382657e-01 9.776907e-02 2.974999e+00 2.550000e+00
1.725256e-01 1.219945e-01 2.974999e+00 2.650000e+00
2.650791e-04 1.200377e-01 2.974999e+00 2.750000e+00
-7.136821e-02 7.136822e-02 2.974999e+00 2.850000e+00
0.000000e+00 0.000000e+00 2.974999e+00 2.950000e+00
0.000000e+00 0.000000e+00 2.974999e+00 3.050000e+00
-7.852048e-02 7.852048e-02 2.974999e+00 3.150000e+00
0.000000e+00 0.000000e+00 2.974999e+00 3.250000e+00
-2.127878e-01 1.228533e-01 2.974999e+00 3.350000e+00
2.608098e-01 1.505787e-01 2.974999e+00 3.450000e+00
7.913250e-04 1.125463e-01 2.974999e+00 3.550000e+00
0.000000e+00 0.000000e+00 2.974999e+00 3.650000e+00
1.669547e-01 1.180549e-01 2.974999e+00 3.750000e+00
-1.341891e-01 1.340814e-01 2.974999e+00 3.850000e+00
8.141965e-02 8.141964e-02 2.974999e+00 3.950000e+00
1.390274e-01 9.830757e-02 2.974999e+00 4.050000e+00
0.000000e+00 0.000000e+00 2.974999e+00 4.150000e+00
7.487426e-02 1.292961e-01 2.974999e+00 4.250000e+00
6.690127e-02 6.690126e-02 2.974999e+00 4.350000e+00
-4.234458e-04 1.084827e-01 2.974999e+00 4.450000e+00
1.315346e-01 9.301077e-02 2.974999e+00 4.550000e+00
-1.589798e-01 1.587990e-01 2.974999e+00 4.650000e+00
2.687467e-01 1.343736e-01 2.974999e+00 4.750000e+00
8.157144e-02 8.157144e-02 2.974999e+00 4.850000e+00
-6.085515e-04 1.395724e-01 2.974999e+00 4.950000e+00
7.648798e-02 7.648798e-02 2.974999e+00 5.050000e+00
-6.406646e-02 1.115695e-01 2.974999e+00 5.150000e+00
3.205607e-01 1.433633e-01 2.974999e+00 5.250000e+00
-2.482697e-01 2.156156e-01 2.974999e+00 5.350000e+00
2.507890e-01 1.253975e-01 2.974999e+00 5.450000e+00
-6.501660e-04 9.685526e-02 2.974999e+00 5.550000e+00
-2.352778e-01 1.856326e-01 2.974999e+00 5.650000e+00
1.208113e-01 1.199368e-01 2.974999e+00 5.750000e+00
-1.372646e-01 1.359440e-01 2.974999e+00 5.850000e+00
5.951542e-04 1.858195e-01 2.974999e+00 5.950000e+00
2.866396e-01 1.758793e-01 2.974999e+00 6.050000e+00
5.242758e-01 3.156678e-01 2.974999e+00 6.150000e+00
-8.253732e-01 4.765320e-01 2.974999e+00 6.250000e+00
nan nan 2.974999e+00 6.350000e+00
nan nan 2.974999e+00 6.450000e+00
nan nan 2.974999e+00 6.550000e+00
nan nan 2.974999e+00 6.650000e+00
nan nan 2.974999e+00 6.750000e+00
nan nan 2.974999e+00 6.850000e+00
nan nan 2.974999e+00 6.950000e+00
