# Intensity Error [-0.167K,0.333K,0] DeltaE
#  shape: 20x70
2.545178e+01 9.293267e-01 2.025000e+00 5.000000e-02
8.085442e+00 5.208298e-01 2.025000e+00 1.500000e-01
1.738026e+00 2.433729e-01 2.025000e+00 2.500000e-01
5.318132e-01 1.546793e-01 2.025000e+00 3.500000e-01
4.257722e-01 1.327613e-01 2.025000e+00 4.500000e-01
2.524001e-01 1.195377e-01 2.025000e+00 5.500000e-01
2.118693e-01 9.998230e-02 2.025000e+00 6.500000e-01
1.760369e-01 9.304722e-02 2.025000e+00 7.500000e-01
-1.763668e-01 9.335073e-02 2.025000e+00 8.500000e-01
1.026746e-01 9.048666e-02 2.025000e+00 9.500000e-01
-1.364678e-01 9.663167e-02 2.025000e+00 1.050000e+00
1.955333e-01 7.982633e-02 2.025000e+00 1.150000e+00
3.221633e-02 3.221633e-02 2.025000e+00 1.250000e+00
6.159555e-02 4.355467e-02 2.025000e+00 1.350000e+00
9.090847e-02 8.017509e-02 2.025000e+00 1.450000e+00
1.742933e-01 8.212156e-02 2.025000e+00 1.550000e+00
1.138680e-01 6.973664e-02 2.025000e+00 1.650000e+00
2.787014e-02 7.386637e-02 2.025000e+00 1.750000e+00
8.281544e-02 6.179388e-02 2.025000e+00 1.850000e+00
2.750024e-02 6.139992e-02 2.025000e+00 1.950000e+00
2.720085e-02 6.039360e-02 2.025000e+00 2.050000e+00
2.632764e-02 4.538378e-02 2.025000e+00 2.150000e+00
2.032331e-01 7.185402e-02 2.025000e+00 2.250000e+00
9.980864e-02 7.930838e-02 2.025000e+00 2.350000e+00
-4.976525e-02 4.965825e-02 2.025000e+00 2.450000e+00
4.805055e-02 6.774390e-02 2.025000e+00 2.550000e+00
-6.955319e-02 7.688139e-02 2.025000e+00 2.650000e+00
1.130749e-01 7.502535e-02 2.025000e+00 2.750000e+00
1.328779e-01 7.005565e-02 2.025000e+00 2.850000e+00
2.213111e-02 4.979405e-02 2.025000e+00 2.950000e+00
1.524226e-01 8.423699e-02 2.025000e+00 3.050000e+00
2.188027e-02 6.621672e-02 2.025000e+00 3.150000e+00
1.561922e-01 5.903524e-02 2.025000e+00 3.250000e+00
-1.289447e-04 6.399880e-02 2.025000e+00 3.350000e+00
3.444728e-01 8.894325e-02 2.025000e+00 3.450000e+00
2.076890e-01 9.518203e-02 2.025000e+00 3.550000e+00
3.642009e-01 9.651573e-02 2.025000e+00 3.650000e+00
1.277934e-01 7.990394e-02 2.025000e+00 3.750000e+00
1.392427e-01 6.597570e-02 2.025000e+00 3.850000e+00
1.755013e-01 6.464521e-02 2.025000e+00 3.950000e+00
2.182277e-01 7.687584e-02 2.025000e+00 4.050000e+00
3.965467e-02 5.640938e-02 2.025000e+00 4.150000e+00
-1.711352e-04 5.446496e-02 2.025000e+00 4.250000e+00
1.067187e-01 7.082820e-02 2.025000e+00 4.350000e+00
3.603286e-02 3.588724e-02 2.025000e+00 4.450000e+00
3.694266e-02 5.857065e-02 2.025000e+00 4.550000e+00
1.696131e-02 4.469043e-02 2.025000e+00 4.650000e+00
7.117621e-02 6.196711e-02 2.025000e+00 4.750000e+00
2.276285e-01 8.388662e-02 2.025000e+00 4.850000e+00
-7.546598e-04 1.158809e-01 2.025000e+00 4.950000e+00
3.069136e-01 3.069136e-01 2.025000e+00 5.050000e+00
nan nan 2.025000e+00 5.150000e+00
nan nan 2.025000e+00 5.250000e+00
nan nan 2.025000e+00 5.350000e+00
nan nan 2.025000e+00 5.450000e+00
nan nan 2.025000e+00 5.550000e+00
nan nan 2.025000e+00 5.650000e+00
nan nan 2.025000e+00 5.750000e+00
nan nan 2.025000e+00 5.850000e+00
nan nan 2.025000e+00 5.950000e+00
nan nan 2.025000e+00 6.050000e+00
nan nan 2.025000e+00 6.150000e+00
nan nan 2.025000e+00 6.250000e+00
nan nan 2.025000e+00 6.350000e+00
nan nan 2.025000e+00 6.450000e+00
nan nan 2.025000e+00 6.550000e+00
nan nan 2.025000e+00 6.650000e+00
nan nan 2.025000e+00 6.750000e+00
nan nan 2.025000e+00 6.850000e+00
nan nan 2.025000e+00 6.950000e+00
2.411940e+01 9.822071e-01 2.075000e+00 5.000000e-02
7.252883e+00 5.332435e-01 2.075000e+00 1.500000e-01
1.336659e+00 2.485585e-01 2.075000e+00 2.500000e-01
4.727130e-01 1.364608e-01 2.075000e+00 3.500000e-01
1.572488e-01 9.627115e-02 2.075000e+00 4.500000e-01
2.447342e-01 1.290438e-01 2.075000e+00 5.500000e-01
3.123124e-01 1.234264e-01 2.075000e+00 6.500000e-01
1.945508e-01 8.700592e-02 2.075000e+00 7.500000e-01
7.463022e-02 9.146488e-02 2.075000e+00 8.500000e-01
1.443350e-01 8.840142e-02 2.075000e+00 9.500000e-01
-3.513619e-02 9.347139e-02 2.075000e+00 1.050000e+00
6.795315e-02 4.805014e-02 2.075000e+00 1.150000e+00
6.678155e-02 6.693671e-02 2.075000e+00 1.250000e+00
-3.186125e-02 3.186125e-02 2.075000e+00 1.350000e+00
-3.131819e-02 7.036116e-02 2.075000e+00 1.450000e+00
1.125999e-04 8.452420e-02 2.075000e+00 1.550000e+00
1.481521e-01 6.625568e-02 2.075000e+00 1.650000e+00
1.728101e-01 7.054964e-02 2.075000e+00 1.750000e+00
5.667836e-02 6.955084e-02 2.075000e+00 1.850000e+00
5.652382e-02 3.996863e-02 2.075000e+00 1.950000e+00
2.838057e-02 6.304444e-02 2.075000e+00 2.050000e+00
-2.826475e-02 6.291881e-02 2.075000e+00 2.150000e+00
-2.787683e-02 2.787683e-02 2.075000e+00 2.250000e+00
2.728323e-02 7.263742e-02 2.075000e+00 2.350000e+00
1.026123e-04 5.435540e-02 2.075000e+00 2.450000e+00
5.425669e-02 6.647179e-02 2.075000e+00 2.550000e+00
8.135555e-02 8.955116e-02 2.075000e+00 2.650000e+00
2.676576e-02 6.009413e-02 2.075000e+00 2.750000e+00
1.041805e-01 6.370141e-02 2.075000e+00 2.850000e+00
2.517931e-02 7.468193e-02 2.075000e+00 2.950000e+00
4.817587e-02 6.794756e-02 2.075000e+00 3.050000e+00
4.661809e-02 6.535630e-02 2.075000e+00 3.150000e+00
1.323674e-01 5.403906e-02 2.075000e+00 3.250000e+00
6.535130e-02 5.776597e-02 2.075000e+00 3.350000e+00
8.786756e-02 6.188087e-02 2.075000e+00 3.450000e+00
7.311530e-01 1.311056e-01 2.075000e+00 3.550000e+00
4.986965e-01 1.063229e-01 2.075000e+00 3.650000e+00
3.890404e-01 9.435676e-02 2.075000e+00 3.750000e+00
1.150345e-01 7.620577e-02 2.075000e+00 3.850000e+00
1.531758e-01 5.789537e-02 2.075000e+00 3.950000e+00
1.417705e-01 6.718019e-02 2.075000e+00 4.050000e+00
7.814152e-02 4.773362e-02 2.075000e+00 4.150000e+00
2.180576e-01 7.679162e-02 2.075000e+00 4.250000e+00
3.886944e-02 6.272720e-02 2.075000e+00 4.350000e+00
-5.583544e-02 6.735259e-02 2.075000e+00 4.450000e+00
7.017287e-02 4.993368e-02 2.075000e+00 4.550000e+00
1.884838e-02 4.855510e-02 2.075000e+00 4.650000e+00
1.839255e-01 6.878285e-02 2.075000e+00 4.750000e+00
1.361386e-01 6.457842e-02 2.075000e+00 4.850000e+00
2.717992e-02 9.418925e-02 2.075000e+00 4.950000e+00
5.949206e-02 1.337874e-01 2.075000e+00 5.050000e+00
0.000000e+00 0.000000e+00 2.075000e+00 5.150000e+00
nan nan 2.075000e+00 5.250000e+00
nan nan 2.075000e+00 5.350000e+00
nan nan 2.075000e+00 5.450000e+00
nan nan 2.075000e+00 5.550000e+00
nan nan 2.075000e+00 5.650000e+00
nan nan 2.075000e+00 5.750000e+00
nan nan 2.075000e+00 5.850000e+00
nan nan 2.075000e+00 5.950000e+00
nan nan 2.075000e+00 6.050000e+00
nan nan 2.075000e+00 6.150000e+00
nan nan 2.075000e+00 6.250000e+00
nan nan 2.075000e+00 6.350000e+00
nan nan 2.075000e+00 6.450000e+00
nan nan 2.075000e+00 6.550000e+00
nan nan 2.075000e+00 6.650000e+00
nan nan 2.075000e+00 6.750000e+00
nan nan 2.075000e+00 6.850000e+00
nan nan 2.075000e+00 6.950000e+00
2.504426e+01 1.042560e+00 2.125000e+00 5.000000e-02
8.384915e+00 5.957927e-01 2.125000e+00 1.500000e-01
1.855745e+00 2.797646e-01 2.125000e+00 2.500000e-01
6.706377e-01 1.626537e-01 2.125000e+00 3.500000e-01
2.696956e-01 1.155187e-01 2.125000e+00 4.500000e-01
2.326209e-01 1.097619e-01 2.125000e+00 5.500000e-01
1.489292e-01 1.179831e-01 2.125000e+00 6.500000e-01
2.252039e-01 1.187806e-01 2.125000e+00 7.500000e-01
6.930292e-02 6.911640e-02 2.125000e+00 8.500000e-01
3.353079e-02 7.475231e-02 2.125000e+00 9.500000e-01
9.480311e-02 8.377009e-02 2.125000e+00 1.050000e+00
1.211935e-01 6.059685e-02 2.125000e+00 1.150000e+00
8.883611e-02 5.128963e-02 2.125000e+00 1.250000e+00
0.000000e+00 0.000000e+00 2.125000e+00 1.350000e+00
0.000000e+00 0.000000e+00 2.125000e+00 1.450000e+00
2.681957e-01 8.481119e-02 2.125000e+00 1.550000e+00
7.974220e-02 4.603935e-02 2.125000e+00 1.650000e+00
5.185357e-02 6.341410e-02 2.125000e+00 1.750000e+00
2.602845e-02 5.758324e-02 2.125000e+00 1.850000e+00
7.680147e-02 4.434141e-02 2.125000e+00 1.950000e+00
5.102750e-02 6.278613e-02 2.125000e+00 2.050000e+00
2.588312e-02 4.468338e-02 2.125000e+00 2.150000e+00
-1.160764e-04 5.266433e-02 2.125000e+00 2.250000e+00
1.057564e-01 5.287837e-02 2.125000e+00 2.350000e+00
-4.271632e-04 7.445094e-02 2.125000e+00 2.450000e+00
7.848627e-02 8.673494e-02 2.125000e+00 2.550000e+00
1.067874e-01 5.339382e-02 2.125000e+00 2.650000e+00
8.121985e-02 6.060622e-02 2.125000e+00 2.750000e+00
1.881536e-01 8.054243e-02 2.125000e+00 2.850000e+00
2.682816e-02 5.968233e-02 2.125000e+00 2.950000e+00
5.300547e-02 7.514046e-02 2.125000e+00 3.050000e+00
5.255973e-02 5.251988e-02 2.125000e+00 3.150000e+00
1.307547e-01 6.912096e-02 2.125000e+00 3.250000e+00
5.002070e-02 7.055051e-02 2.125000e+00 3.350000e+00
2.141035e-01 8.579053e-02 2.125000e+00 3.450000e+00
4.300296e-01 9.865619e-02 2.125000e+00 3.550000e+00
5.879673e-01 1.251749e-01 2.125000e+00 3.650000e+00
2.838859e-01 8.464695e-02 2.125000e+00 3.750000e+00
1.335310e-01 6.301675e-02 2.125000e+00 3.850000e+00
1.368233e-01 7.895312e-02 2.125000e+00 3.950000e+00
1.597431e-01 7.572731e-02 2.125000e+00 4.050000e+00
6.689108e-02 5.904249e-02 2.125000e+00 4.150000e+00
2.853931e-01 8.156193e-02 2.125000e+00 4.250000e+00
3.930757e-02 5.541528e-02 2.125000e+00 4.350000e+00
1.581142e-01 8.397044e-02 2.125000e+00 4.450000e+00
-9.751472e-02 5.875949e-02 2.125000e+00 4.550000e+00
5.476209e-02 6.531745e-02 2.125000e+00 4.650000e+00
1.078349e-01 6.228794e-02 2.125000e+00 4.750000e+00
9.785438e-02 7.085802e-02 2.125000e+00 4.850000e+00
-4.341843e-02 5.325032e-02 2.125000e+00 4.950000e+00
6.504825e-02 9.209776e-02 2.125000e+00 5.050000e+00
-8.166781e-02 1.826982e-01 2.125000e+00 5.150000e+00
-1.419728e+00 1.419728e+00 2.125000e+00 5.250000e+00
nan nan 2.125000e+00 5.350000e+00
nan nan 2.125000e+00 5.450000e+00
nan nan 2.125000e+00 5.550000e+00
nan nan 2.125000e+00 5.650000e+00
nan nan 2.125000e+00 5.750000e+00
nan nan 2.125000e+00 5.850000e+00
nan nan 2.125000e+00 5.950000e+00
nan nan 2.125000e+00 6.050000e+00
nan nan 2.125000e+00 6.150000e+00
nan nan 2.125000e+00 6.250000e+00
nan nan 2.125000e+00 6.350000e+00
nan nan 2.125000e+00 6.450000e+00
nan nan 2.125000e+00 6.550000e+00
nan nan 2.125000e+00 6.650000e+00
nan nan 2.125000e+00 6.750000e+00
nan nan 2.125000e+00 6.850000e+00
nan nan 2.125000e+00 6.950000e+00
2.555050e+01 9.705849e-01 2.175000e+00 5.000000e-02
7.343379e+00 5.166233e-01 2.175000e+00 1.500000e-01
1.278515e+00 2.378829e-01 2.175000e+00 2.500000e-01
7.479621e-01 1.708619e-01 2.175000e+00 3.500000e-01
2.582541e-01 1.108073e-01 2.175000e+00 4.500000e-01
2.165437e-01 8.840381e-02 2.175000e+00 5.500000e-01
2.129378e-01 8.693160e-02 2.175000e+00 6.500000e-01
-1.072182e-01 7.976123e-02 2.175000e+00 7.500000e-01
-3.364307e-02 5.829625e-02 2.175000e+00 8.500000e-01
2.006070e-01 9.455177e-02 2.175000e+00 9.500000e-01
1.581950e-01 8.377772e-02 2.175000e+00 1.050000e+00
-3.556344e-05 4.427976e-02 2.175000e+00 1.150000e+00
1.511068e-01 6.757724e-02 2.175000e+00 1.250000e+00
5.851838e-02 5.850839e-02 2.175000e+00 1.350000e+00
5.767667e-02 5.757061e-02 2.175000e+00 1.450000e+00
1.373637e-01 6.143111e-02 2.175000e+00 1.550000e+00
5.464484e-02 6.680746e-02 2.175000e+00 1.650000e+00
1.332264e-01 5.958075e-02 2.175000e+00 1.750000e+00
1.057227e-01 6.469504e-02 2.175000e+00 1.850000e+00
7.923076e-02 5.901342e-02 2.175000e+00 1.950000e+00
5.240908e-02 5.237121e-02 2.175000e+00 2.050000e+00
0.000000e+00 0.000000e+00 2.175000e+00 2.150000e+00
1.025023e-01 5.125130e-02 2.175000e+00 2.250000e+00
5.130612e-02 5.124327e-02 2.175000e+00 2.350000e+00
-5.166822e-02 5.149608e-02 2.175000e+00 2.450000e+00
-5.115065e-02 5.115506e-02 2.175000e+00 2.550000e+00
4.986722e-02 7.059933e-02 2.175000e+00 2.650000e+00
4.946124e-02 7.031454e-02 2.175000e+00 2.750000e+00
-1.392842e-05 3.561665e-02 2.175000e+00 2.850000e+00
2.494648e-02 6.614898e-02 2.175000e+00 2.950000e+00
1.276017e-01 9.191425e-02 2.175000e+00 3.050000e+00
1.793965e-01 7.690988e-02 2.175000e+00 3.150000e+00
1.045580e-01 7.381597e-02 2.175000e+00 3.250000e+00
2.346903e-01 7.823050e-02 2.175000e+00 3.350000e+00
3.647562e-01 1.221401e-01 2.175000e+00 3.450000e+00
3.865491e-01 1.180084e-01 2.175000e+00 3.550000e+00
4.811770e-01 1.160418e-01 2.175000e+00 3.650000e+00
3.127226e-01 9.909785e-02 2.175000e+00 3.750000e+00
9.083549e-02 7.832869e-02 2.175000e+00 3.850000e+00
6.555782e-02 4.880350e-02 2.175000e+00 3.950000e+00
1.108721e-01 4.958360e-02 2.175000e+00 4.050000e+00
6.753728e-02 5.988496e-02 2.175000e+00 4.150000e+00
1.593858e-01 8.816075e-02 2.175000e+00 4.250000e+00
4.436439e-02 4.427126e-02 2.175000e+00 4.350000e+00
6.040414e-02 6.081310e-02 2.175000e+00 4.450000e+00
1.976929e-02 6.529168e-02 2.175000e+00 4.550000e+00
3.907613e-02 7.912459e-02 2.175000e+00 4.650000e+00
-1.855016e-02 8.618768e-02 2.175000e+00 4.750000e+00
-1.826448e-02 7.818458e-02 2.175000e+00 4.850000e+00
1.227301e-01 8.691992e-02 2.175000e+00 4.950000e+00
2.483143e-02 6.542535e-02 2.175000e+00 5.050000e+00
3.845206e-02 6.569729e-02 2.175000e+00 5.150000e+00
2.463392e-01 1.741886e-01 2.175000e+00 5.250000e+00
6.739656e+00 6.739657e+00 2.175000e+00 5.350000e+00
nan nan 2.175000e+00 5.450000e+00
nan nan 2.175000e+00 5.550000e+00
nan nan 2.175000e+00 5.650000e+00
nan nan 2.175000e+00 5.750000e+00
nan nan 2.175000e+00 5.850000e+00
nan nan 2.175000e+00 5.950000e+00
nan nan 2.175000e+00 6.050000e+00
nan nan 2.175000e+00 6.150000e+00
nan nan 2.175000e+00 6.250000e+00
nan nan 2.175000e+00 6.350000e+00
nan nan 2.175000e+00 6.450000e+00
nan nan 2.175000e+00 6.550000e+00
nan nan 2.175000e+00 6.650000e+00
nan nan 2.175000e+00 6.750000e+00
nan nan 2.175000e+00 6.850000e+00
nan nan 2.175000e+00 6.950000e+00
2.590770e+01 9.792189e-01 2.225000e+00 5.000000e-02
7.106768e+00 5.236956e-01 2.225000e+00 1.500000e-01
1.751929e+00 2.693378e-01 2.225000e+00 2.500000e-01
5.825380e-01 1.456347e-01 2.225000e+00 3.500000e-01
2.314914e-01 1.219259e-01 2.225000e+00 4.500000e-01
3.647327e-01 1.262909e-01 2.225000e+00 5.500000e-01
4.840913e-01 1.534941e-01 2.225000e+00 6.500000e-01
1.671913e-05 9.179298e-02 2.225000e+00 7.500000e-01
-3.687235e-02 8.197203e-02 2.225000e+00 8.500000e-01
2.488095e-05 1.030644e-01 2.225000e+00 9.500000e-01
1.037338e-01 5.989086e-02 2.225000e+00 1.050000e+00
2.064712e-01 8.429162e-02 2.225000e+00 1.150000e+00
3.324895e-02 3.324895e-02 2.225000e+00 1.250000e+00
0.000000e+00 0.000000e+00 2.225000e+00 1.350000e+00
6.561731e-02 7.990606e-02 2.225000e+00 1.450000e+00
7.054265e-06 4.467471e-02 2.225000e+00 1.550000e+00
-6.286907e-02 4.445515e-02 2.225000e+00 1.650000e+00
2.160090e-01 8.164405e-02 2.225000e+00 1.750000e+00
1.311055e-04 6.161285e-02 2.225000e+00 1.850000e+00
-3.071885e-02 5.317263e-02 2.225000e+00 1.950000e+00
9.147147e-02 6.819611e-02 2.225000e+00 2.050000e+00
6.042281e-02 4.272556e-02 2.225000e+00 2.150000e+00
-2.941677e-02 5.113446e-02 2.225000e+00 2.250000e+00
-1.145875e-01 8.122871e-02 2.225000e+00 2.350000e+00
-5.654410e-02 5.645710e-02 2.225000e+00 2.450000e+00
-5.621440e-02 6.866267e-02 2.225000e+00 2.550000e+00
2.782428e-02 2.782428e-02 2.225000e+00 2.650000e+00
2.683541e-02 4.675101e-02 2.225000e+00 2.750000e+00
1.043405e-01 6.375824e-02 2.225000e+00 2.850000e+00
2.555098e-02 4.448843e-02 2.225000e+00 2.950000e+00
9.963494e-02 7.863730e-02 2.225000e+00 3.050000e+00
1.998481e-01 7.900328e-02 2.225000e+00 3.150000e+00
1.038316e-04 5.999238e-02 2.225000e+00 3.250000e+00
2.491060e-02 8.857651e-02 2.225000e+00 3.350000e+00
3.953373e-01 1.105461e-01 2.225000e+00 3.450000e+00
5.039803e-01 1.126942e-01 2.225000e+00 3.550000e+00
2.552768e-01 8.072607e-02 2.225000e+00 3.650000e+00
1.275043e-01 8.468664e-02 2.225000e+00 3.750000e+00
1.027257e-01 8.134513e-02 2.225000e+00 3.850000e+00
3.275252e-01 9.083990e-02 2.225000e+00 3.950000e+00
7.379196e-05 7.485697e-02 2.225000e+00 4.050000e+00
1.538437e-01 6.593989e-02 2.225000e+00 4.150000e+00
4.479486e-02 6.262818e-02 2.225000e+00 4.250000e+00
8.998929e-02 7.120126e-02 2.225000e+00 4.350000e+00
9.104431e-02 5.576022e-02 2.225000e+00 4.450000e+00
1.311662e-01 7.554173e-02 2.225000e+00 4.550000e+00
9.976322e-02 7.713286e-02 2.225000e+00 4.650000e+00
9.887177e-02 7.106317e-02 2.225000e+00 4.750000e+00
1.912322e-02 6.459326e-02 2.225000e+00 4.850000e+00
7.250988e-02 8.164003e-02 2.225000e+00 4.950000e+00
1.521051e-01 8.336404e-02 2.225000e+00 5.050000e+00
1.147509e-01 9.048208e-02 2.225000e+00 5.150000e+00
-1.127339e-04 9.357390e-02 2.225000e+00 5.250000e+00
6.785335e-01 3.917543e-01 2.225000e+00 5.350000e+00
0.000000e+00 0.000000e+00 2.225000e+00 5.450000e+00
nan nan 2.225000e+00 5.550000e+00
nan nan 2.225000e+00 5.650000e+00
nan nan 2.225000e+00 5.750000e+00
nan nan 2.225000e+00 5.850000e+00
nan nan 2.225000e+00 5.950000e+00
nan nan 2.225000e+00 6.050000e+00
nan nan 2.225000e+00 6.150000e+00
nan nan 2.225000e+00 6.250000e+00
nan nan 2.225000e+00 6.350000e+00
nan nan 2.225000e+00 6.450000e+00
nan nan 2.225000e+00 6.550000e+00
nan nan 2.225000e+00 6.650000e+00
nan nan 2.225000e+00 6.750000e+00
nan nan 2.225000e+00 6.850000e+00
nan nan 2.225000e+00 6.950000e+00
2.485315e+01 9.886068e-01 2.275000e+00 5.000000e-02
6.978852e+00 5.400407e-01 2.275000e+00 1.500000e-01
1.977275e+00 2.913046e-01 2.275000e+00 2.500000e-01
5.097889e-01 1.590230e-01 2.275000e+00 3.500000e-01
3.578391e-01 1.265155e-01 2.275000e+00 4.500000e-01
2.566347e-01 1.351375e-01 2.275000e+00 5.500000e-01
1.303574e-01 7.526188e-02 2.275000e+00 6.500000e-01
1.665126e-01 1.180323e-01 2.275000e+00 7.500000e-01
2.485985e-01 1.014900e-01 2.275000e+00 8.500000e-01
-4.007656e-02 6.942645e-02 2.275000e+00 9.500000e-01
1.146672e-01 8.542672e-02 2.275000e+00 1.050000e+00
-3.806832e-02 8.496959e-02 2.275000e+00 1.150000e+00
-5.909247e-05 5.135914e-02 2.275000e+00 1.250000e+00
-2.759727e-05 7.214687e-02 2.275000e+00 1.350000e+00
6.952316e-02 6.945151e-02 2.275000e+00 1.450000e+00
1.008198e-01 5.820845e-02 2.275000e+00 1.550000e+00
1.315869e-01 6.579352e-02 2.275000e+00 1.650000e+00
-3.218098e-02 9.659809e-02 2.275000e+00 1.750000e+00
6.425399e-02 6.432157e-02 2.275000e+00 1.850000e+00
3.207734e-02 3.207733e-02 2.275000e+00 1.950000e+00
-1.343699e-04 4.526731e-02 2.275000e+00 2.050000e+00
-9.238099e-06 6.372335e-02 2.275000e+00 2.150000e+00
6.365598e-02 4.501163e-02 2.275000e+00 2.250000e+00
-9.467519e-02 5.466100e-02 2.275000e+00 2.350000e+00
1.553278e-01 6.946505e-02 2.275000e+00 2.450000e+00
1.218978e-01 6.094910e-02 2.275000e+00 2.550000e+00
6.049802e-02 6.057808e-02 2.275000e+00 2.650000e+00
-9.054910e-02 6.753120e-02 2.275000e+00 2.750000e+00
3.028657e-02 8.031598e-02 2.275000e+00 2.850000e+00
5.995737e-02 8.456421e-02 2.275000e+00 2.950000e+00
5.905353e-02 4.175738e-02 2.275000e+00 3.050000e+00
2.277216e-01 9.861712e-02 2.275000e+00 3.150000e+00
1.104011e-01 8.718291e-02 2.275000e+00 3.250000e+00
2.393193e-01 9.568409e-02 2.275000e+00 3.350000e+00
2.301318e-01 7.671107e-02 2.275000e+00 3.450000e+00
5.865095e-01 1.246208e-01 2.275000e+00 3.550000e+00
4.848146e-01 1.187307e-01 2.275000e+00 3.650000e+00
2.675670e-01 9.417844e-02 2.275000e+00 3.750000e+00
7.394006e-02 8.169916e-02 2.275000e+00 3.850000e+00
2.268656e-01 9.770437e-02 2.275000e+00 3.950000e+00
1.527553e-01 8.812195e-02 2.275000e+00 4.050000e+00
1.030413e-01 7.276555e-02 2.275000e+00 4.150000e+00
9.685988e-02 7.685040e-02 2.275000e+00 4.250000e+00
1.128898e-01 6.755818e-02 2.275000e+00 4.350000e+00
1.547455e-01 7.338082e-02 2.275000e+00 4.450000e+00
2.278274e-02 5.956997e-02 2.275000e+00 4.550000e+00
2.312833e-02 6.774357e-02 2.275000e+00 4.650000e+00
1.691153e-01 7.335033e-02 2.275000e+00 4.750000e+00
1.777023e-01 7.652654e-02 2.275000e+00 4.850000e+00
5.958338e-02 8.127412e-02 2.275000e+00 4.950000e+00
1.867181e-02 7.405198e-02 2.275000e+00 5.050000e+00
1.828493e-01 8.546085e-02 2.275000e+00 5.150000e+00
1.352179e-01 1.160434e-01 2.275000e+00 5.250000e+00
-2.895949e-04 1.240611e-01 2.275000e+00 5.350000e+00
-1.069988e+00 7.565964e-01 2.275000e+00 5.450000e+00
nan nan 2.275000e+00 5.550000e+00
nan nan 2.275000e+00 5.650000e+00
nan nan 2.275000e+00 5.750000e+00
nan nan 2.275000e+00 5.850000e+00
nan nan 2.275000e+00 5.950000e+00
nan nan 2.275000e+00 6.050000e+00
nan nan 2.275000e+00 6.150000e+00
nan nan 2.275000e+00 6.250000e+00
nan nan 2.275000e+00 6.350000e+00
nan nan 2.275000e+00 6.450000e+00
nan nan 2.275000e+00 6.550000e+00
nan nan 2.275000e+00 6.650000e+00
nan nan 2.275000e+00 6.750000e+00
nan nan 2.275000e+00 6.850000e+00
nan nan 2.275000e+00 6.950000e+00
2.754940e+01 1.115436e+00 2.325000e+00 5.000000e-02
7.150821e+00 5.855980e-01 2.325000e+00 1.500000e-01
1.025679e+00 2.138692e-01 2.325000e+00 2.500000e-01
8.869187e-01 2.034735e-01 2.325000e+00 3.500000e-01
3.757125e-01 1.328346e-01 2.325000e+00 4.500000e-01
2.749511e-01 1.122484e-01 2.325000e+00 5.500000e-01
8.929799e-02 1.261708e-01 2.325000e+00 6.500000e-01
2.058581e-01 9.206266e-02 2.325000e+00 7.500000e-01
4.059938e-02 4.059939e-02 2.325000e+00 8.500000e-01
1.149239e-01 6.635144e-02 2.325000e+00 9.500000e-01
2.211839e-01 9.029814e-02 2.325000e+00 1.050000e+00
1.073871e-01 6.200017e-02 2.325000e+00 1.150000e+00
6.742060e-02 8.255289e-02 2.325000e+00 1.250000e+00
6.640379e-02 6.652513e-02 2.325000e+00 1.350000e+00
9.385077e-02 5.418493e-02 2.325000e+00 1.450000e+00
9.059676e-02 9.061915e-02 2.325000e+00 1.550000e+00
8.828079e-02 5.096896e-02 2.325000e+00 1.650000e+00
2.856090e-02 2.856090e-02 2.325000e+00 1.750000e+00
2.619508e-06 5.741945e-02 2.325000e+00 1.850000e+00
2.894962e-02 6.405408e-02 2.325000e+00 1.950000e+00
5.709423e-02 5.724951e-02 2.325000e+00 2.050000e+00
-5.706559e-02 4.035150e-02 2.325000e+00 2.150000e+00
1.140327e-01 5.701657e-02 2.325000e+00 2.250000e+00
2.853365e-02 2.853365e-02 2.325000e+00 2.350000e+00
2.886054e-02 6.478101e-02 2.325000e+00 2.450000e+00
2.963861e-02 9.692040e-02 2.325000e+00 2.550000e+00
8.698577e-02 8.739942e-02 2.325000e+00 2.650000e+00
0.000000e+00 0.000000e+00 2.325000e+00 2.750000e+00
-2.296239e-04 5.810220e-02 2.325000e+00 2.850000e+00
2.966870e-02 6.639378e-02 2.325000e+00 2.950000e+00
6.039084e-02 9.494660e-02 2.325000e+00 3.050000e+00
1.780574e-01 9.394768e-02 2.325000e+00 3.150000e+00
8.868589e-02 8.905605e-02 2.325000e+00 3.250000e+00
1.466983e-01 8.821911e-02 2.325000e+00 3.350000e+00
4.095838e-01 1.094666e-01 2.325000e+00 3.450000e+00
6.089536e-01 1.328855e-01 2.325000e+00 3.550000e+00
2.759834e-01 9.558020e-02 2.325000e+00 3.650000e+00
2.889188e-01 1.015959e-01 2.325000e+00 3.750000e+00
2.458254e-02 5.576555e-02 2.325000e+00 3.850000e+00
1.682101e-01 7.991574e-02 2.325000e+00 3.950000e+00
7.229022e-02 8.032024e-02 2.325000e+00 4.050000e+00
2.471270e-01 8.567036e-02 2.325000e+00 4.150000e+00
1.785090e-01 1.105019e-01 2.325000e+00 4.250000e+00
1.274355e-01 8.485841e-02 2.325000e+00 4.350000e+00
9.824408e-02 6.963160e-02 2.325000e+00 4.450000e+00
2.592477e-05 7.168736e-02 2.325000e+00 4.550000e+00
1.331316e-01 7.689811e-02 2.325000e+00 4.650000e+00
6.764003e-02 5.039625e-02 2.325000e+00 4.750000e+00
-4.384968e-02 6.281920e-02 2.325000e+00 4.850000e+00
2.843674e-01 8.616596e-02 2.325000e+00 4.950000e+00
1.978982e-01 9.258600e-02 2.325000e+00 5.050000e+00
6.062056e-02 9.298580e-02 2.325000e+00 5.150000e+00
-4.989926e-02 8.640454e-02 2.325000e+00 5.250000e+00
9.856962e-04 8.011443e-02 2.325000e+00 5.350000e+00
1.825509e-01 1.290838e-01 2.325000e+00 5.450000e+00
0.000000e+00 0.000000e+00 2.325000e+00 5.550000e+00
nan nan 2.325000e+00 5.650000e+00
nan nan 2.325000e+00 5.750000e+00
nan nan 2.325000e+00 5.850000e+00
nan nan 2.325000e+00 5.950000e+00
nan nan 2.325000e+00 6.050000e+00
nan nan 2.325000e+00 6.150000e+00
nan nan 2.325000e+00 6.250000e+00
nan nan 2.325000e+00 6.350000e+00
nan nan 2.325000e+00 6.450000e+00
nan nan 2.325000e+00 6.550000e+00
nan nan 2.325000e+00 6.650000e+00
nan nan 2.325000e+00 6.750000e+00
nan nan 2.325000e+00 6.850000e+00
nan nan 2.325000e+00 6.950000e+00
2.466575e+01 1.056570e+00 2.375000e+00 5.000000e-02
5.266570e+00 4.848276e-01 2.375000e+00 1.500000e-01
1.362647e+00 2.408848e-01 2.375000e+00 2.500000e-01
5.445645e-01 1.510351e-01 2.375000e+00 3.500000e-01
1.600405e-01 9.811033e-02 2.375000e+00 4.500000e-01
1.610429e-01 8.052148e-02 2.375000e+00 5.500000e-01
1.949286e-01 8.717476e-02 2.375000e+00 6.500000e-01
7.545228e-02 7.536372e-02 2.375000e+00 7.500000e-01
2.243923e-01 9.160786e-02 2.375000e+00 8.500000e-01
1.073317e-01 6.196828e-02 2.375000e+00 9.500000e-01
7.063565e-02 7.062481e-02 2.375000e+00 1.050000e+00
1.013255e-01 5.850033e-02 2.375000e+00 1.150000e+00
9.704568e-02 8.560816e-02 2.375000e+00 1.250000e+00
6.465114e-02 6.462438e-02 2.375000e+00 1.350000e+00
1.542983e-01 6.900438e-02 2.375000e+00 1.450000e+00
9.151225e-02 5.283480e-02 2.375000e+00 1.550000e+00
2.990139e-02 5.179285e-02 2.375000e+00 1.650000e+00
2.928302e-02 2.928302e-02 2.375000e+00 1.750000e+00
5.844708e-02 5.845215e-02 2.375000e+00 1.850000e+00
2.924691e-02 5.081572e-02 2.375000e+00 1.950000e+00
-5.874645e-02 5.883548e-02 2.375000e+00 2.050000e+00
1.168166e-01 5.840844e-02 2.375000e+00 2.150000e+00
5.767217e-02 4.078048e-02 2.375000e+00 2.250000e+00
2.860622e-02 2.860622e-02 2.375000e+00 2.350000e+00
-5.628845e-02 3.980198e-02 2.375000e+00 2.450000e+00
5.637767e-02 5.620036e-02 2.375000e+00 2.550000e+00
2.854624e-02 6.307460e-02 2.375000e+00 2.650000e+00
2.824638e-02 2.824638e-02 2.375000e+00 2.750000e+00
8.473839e-02 7.439673e-02 2.375000e+00 2.850000e+00
5.491182e-02 7.773782e-02 2.375000e+00 2.950000e+00
1.640024e-01 7.731493e-02 2.375000e+00 3.050000e+00
5.535690e-02 5.550689e-02 2.375000e+00 3.150000e+00
1.374099e-01 8.248233e-02 2.375000e+00 3.250000e+00
1.399684e-01 9.300208e-02 2.375000e+00 3.350000e+00
3.392567e-01 1.058293e-01 2.375000e+00 3.450000e+00
6.014612e-01 1.312505e-01 2.375000e+00 3.550000e+00
4.320714e-01 1.256238e-01 2.375000e+00 3.650000e+00
2.872974e-01 1.073808e-01 2.375000e+00 3.750000e+00
8.557086e-02 7.559319e-02 2.375000e+00 3.850000e+00
5.588399e-02 5.579740e-02 2.375000e+00 3.950000e+00
1.319232e-01 8.768051e-02 2.375000e+00 4.050000e+00
1.003616e-01 6.138814e-02 2.375000e+00 4.150000e+00
4.826977e-02 6.810706e-02 2.375000e+00 4.250000e+00
2.469221e-02 6.453598e-02 2.375000e+00 4.350000e+00
2.509447e-01 1.004631e-01 2.375000e+00 4.450000e+00
5.083818e-02 6.265296e-02 2.375000e+00 4.550000e+00
9.776975e-02 8.517038e-02 2.375000e+00 4.650000e+00
1.811867e-01 9.041117e-02 2.375000e+00 4.750000e+00
1.105864e-01 6.672043e-02 2.375000e+00 4.850000e+00
6.798228e-02 6.776351e-02 2.375000e+00 4.950000e+00
6.381964e-02 4.747280e-02 2.375000e+00 5.050000e+00
7.952709e-02 7.435117e-02 2.375000e+00 5.150000e+00
6.613667e-02 1.044008e-01 2.375000e+00 5.250000e+00
2.877740e-02 4.885216e-02 2.375000e+00 5.350000e+00
0.000000e+00 0.000000e+00 2.375000e+00 5.450000e+00
-3.208384e-01 3.210640e-01 2.375000e+00 5.550000e+00
0.000000e+00 0.000000e+00 2.375000e+00 5.650000e+00
nan nan 2.375000e+00 5.750000e+00
nan nan 2.375000e+00 5.850000e+00
nan nan 2.375000e+00 5.950000e+00
nan nan 2.375000e+00 6.050000e+00
nan nan 2.375000e+00 6.150000e+00
nan nan 2.375000e+00 6.250000e+00
nan nan 2.375000e+00 6.350000e+00
nan nan 2.375000e+00 6.450000e+00
nan nan 2.375000e+00 6.550000e+00
nan nan 2.375000e+00 6.650000e+00
nan nan 2.375000e+00 6.750000e+00
nan nan 2.375000e+00 6.850000e+00
nan nan 2.375000e+00 6.950000e+00
2.258684e+01 9.710647e-01 2.425000e+00 5.000000e-02
6.272770e+00 5.071243e-01 2.425000e+00 1.500000e-01
1.161027e+00 2.194137e-01 2.425000e+00 2.500000e-01
6.641948e-01 1.760818e-01 2.425000e+00 3.500000e-01
3.240171e-01 1.515989e-01 2.425000e+00 4.500000e-01
2.461243e-01 1.421473e-01 2.425000e+00 5.500000e-01
2.384068e-01 9.732936e-02 2.425000e+00 6.500000e-01
1.558304e-01 7.791527e-02 2.425000e+00 7.500000e-01
3.751010e-02 8.388529e-02 2.425000e+00 8.500000e-01
3.626246e-02 3.626246e-02 2.425000e+00 9.500000e-01
3.742655e-02 8.312790e-02 2.425000e+00 1.050000e+00
1.433093e-01 7.165473e-02 2.425000e+00 1.150000e+00
-3.581471e-02 3.581471e-02 2.425000e+00 1.250000e+00
3.590930e-02 6.205749e-02 2.425000e+00 1.350000e+00
3.558701e-02 7.868874e-02 2.425000e+00 1.450000e+00
3.608838e-02 6.235539e-02 2.425000e+00 1.550000e+00
-3.587527e-02 6.240626e-02 2.425000e+00 1.650000e+00
3.600982e-02 1.083645e-01 2.425000e+00 1.750000e+00
-3.620543e-02 9.604466e-02 2.425000e+00 1.850000e+00
7.346575e-02 8.992531e-02 2.425000e+00 1.950000e+00
3.707207e-02 3.707207e-02 2.425000e+00 2.050000e+00
3.681859e-02 3.681859e-02 2.425000e+00 2.150000e+00
-1.249973e-04 5.159467e-02 2.425000e+00 2.250000e+00
3.670706e-02 6.302158e-02 2.425000e+00 2.350000e+00
2.791641e-06 5.082836e-02 2.425000e+00 2.450000e+00
3.281452e-05 8.602605e-02 2.425000e+00 2.550000e+00
1.545722e-04 8.351508e-02 2.425000e+00 2.650000e+00
9.835462e-06 6.654834e-02 2.425000e+00 2.750000e+00
1.631575e-01 9.805321e-02 2.425000e+00 2.850000e+00
1.585135e-01 1.051801e-01 2.425000e+00 2.950000e+00
-6.042103e-02 6.064284e-02 2.425000e+00 3.050000e+00
5.767784e-02 7.045774e-02 2.425000e+00 3.150000e+00
1.417716e-01 9.408268e-02 2.425000e+00 3.250000e+00
3.297729e-01 9.519764e-02 2.425000e+00 3.350000e+00
2.720475e-01 9.433801e-02 2.425000e+00 3.450000e+00
5.156076e-01 1.182889e-01 2.425000e+00 3.550000e+00
5.358472e-01 1.312162e-01 2.425000e+00 3.650000e+00
1.629320e-01 8.586232e-02 2.425000e+00 3.750000e+00
1.103088e-01 6.755961e-02 2.425000e+00 3.850000e+00
8.404397e-02 6.251602e-02 2.425000e+00 3.950000e+00
5.629597e-02 6.893551e-02 2.425000e+00 4.050000e+00
1.122643e-01 5.613234e-02 2.425000e+00 4.150000e+00
8.341875e-02 4.816189e-02 2.425000e+00 4.250000e+00
5.259861e-02 9.060116e-02 2.425000e+00 4.350000e+00
4.881168e-02 7.728613e-02 2.425000e+00 4.450000e+00
-7.368959e-02 6.465130e-02 2.425000e+00 4.550000e+00
7.439083e-02 5.576851e-02 2.425000e+00 4.650000e+00
2.557000e-01 8.848012e-02 2.425000e+00 4.750000e+00
2.389987e-02 7.264468e-02 2.425000e+00 4.850000e+00
3.816125e-04 7.725097e-02 2.425000e+00 4.950000e+00
8.947659e-02 8.375070e-02 2.425000e+00 5.050000e+00
1.553093e-01 8.526257e-02 2.425000e+00 5.150000e+00
1.636552e-01 7.080695e-02 2.425000e+00 5.250000e+00
1.895676e-01 8.223470e-02 2.425000e+00 5.350000e+00
6.535768e-02 1.129757e-01 2.425000e+00 5.450000e+00
2.925069e-03 1.871369e-01 2.425000e+00 5.550000e+00
-1.201131e+00 6.934873e-01 2.425000e+00 5.650000e+00
nan nan 2.425000e+00 5.750000e+00
nan nan 2.425000e+00 5.850000e+00
nan nan 2.425000e+00 5.950000e+00
nan nan 2.425000e+00 6.050000e+00
nan nan 2.425000e+00 6.150000e+00
nan nan 2.425000e+00 6.250000e+00
nan nan 2.425000e+00 6.350000e+00
nan nan 2.425000e+00 6.450000e+00
nan nan 2.425000e+00 6.550000e+00
nan nan 2.425000e+00 6.650000e+00
nan nan 2.425000e+00 6.750000e+00
nan nan 2.425000e+00 6.850000e+00
nan nan 2.425000e+00 6.950000e+00
2.373742e+01 1.004879e+00 2.475000e+00 5.000000e-02
7.103271e+00 5.496192e-01 2.475000e+00 1.500000e-01
1.756949e+00 2.809843e-01 2.475000e+00 2.500000e-01
5.311882e-01 1.770846e-01 2.475000e+00 3.500000e-01
2.754191e-01 1.298602e-01 2.475000e+00 4.500000e-01
2.804964e-01 1.145123e-01 2.475000e+00 5.500000e-01
2.895076e-01 1.365027e-01 2.475000e+00 6.500000e-01
2.504645e-01 1.120113e-01 2.475000e+00 7.500000e-01
1.968457e-01 9.842303e-02 2.475000e+00 8.500000e-01
-6.963675e-05 7.068648e-02 2.475000e+00 9.500000e-01
1.014865e-01 7.176182e-02 2.475000e+00 1.050000e+00
1.457142e-01 8.412827e-02 2.475000e+00 1.150000e+00
-4.849701e-02 4.849702e-02 2.475000e+00 1.250000e+00
-4.692293e-02 1.229707e-01 2.475000e+00 1.350000e+00
-9.144207e-02 6.465936e-02 2.475000e+00 1.450000e+00
9.103981e-02 6.437486e-02 2.475000e+00 1.550000e+00
8.812181e-02 8.813755e-02 2.475000e+00 1.650000e+00
1.321092e-01 7.627375e-02 2.475000e+00 1.750000e+00
-8.766164e-02 8.762526e-02 2.475000e+00 1.850000e+00
-1.299983e-01 9.691982e-02 2.475000e+00 1.950000e+00
8.624824e-02 6.098682e-02 2.475000e+00 2.050000e+00
4.256797e-02 4.256797e-02 2.475000e+00 2.150000e+00
4.282980e-02 4.282980e-02 2.475000e+00 2.250000e+00
1.265799e-01 7.308097e-02 2.475000e+00 2.350000e+00
0.000000e+00 0.000000e+00 2.475000e+00 2.450000e+00
2.086906e-01 9.332973e-02 2.475000e+00 2.550000e+00
8.207442e-02 5.803565e-02 2.475000e+00 2.650000e+00
1.224133e-01 7.067546e-02 2.475000e+00 2.750000e+00
1.617075e-01 8.085397e-02 2.475000e+00 2.850000e+00
1.212185e-01 6.998557e-02 2.475000e+00 2.950000e+00
8.095480e-02 8.075206e-02 2.475000e+00 3.050000e+00
1.203798e-01 6.950133e-02 2.475000e+00 3.150000e+00
3.928209e-02 1.024869e-01 2.475000e+00 3.250000e+00
2.249297e-01 1.060946e-01 2.475000e+00 3.350000e+00
4.599937e-01 1.369591e-01 2.475000e+00 3.450000e+00
5.560084e-01 1.425486e-01 2.475000e+00 3.550000e+00
4.023901e-01 1.197685e-01 2.475000e+00 3.650000e+00
3.415106e-01 1.065636e-01 2.475000e+00 3.750000e+00
-2.662290e-02 7.129525e-02 2.475000e+00 3.850000e+00
1.330894e-01 7.982911e-02 2.475000e+00 3.950000e+00
1.323394e-01 7.934082e-02 2.475000e+00 4.050000e+00
1.346296e-01 7.105454e-02 2.475000e+00 4.150000e+00
1.076051e-04 7.753826e-02 2.475000e+00 4.250000e+00
8.299064e-02 6.219766e-02 2.475000e+00 4.350000e+00
-5.632617e-02 3.982864e-02 2.475000e+00 4.450000e+00
1.613740e-01 6.588130e-02 2.475000e+00 4.550000e+00
-7.485316e-02 8.987122e-02 2.475000e+00 4.650000e+00
2.440311e-02 6.460239e-02 2.475000e+00 4.750000e+00
1.244489e-01 8.288263e-02 2.475000e+00 4.850000e+00
-5.088749e-02 8.732454e-02 2.475000e+00 4.950000e+00
-2.323885e-02 9.673105e-02 2.475000e+00 5.050000e+00
1.110924e-01 8.032671e-02 2.475000e+00 5.150000e+00
-2.236598e-02 6.717345e-02 2.475000e+00 5.250000e+00
1.718867e-01 6.808636e-02 2.475000e+00 5.350000e+00
2.650909e-01 9.935152e-02 2.475000e+00 5.450000e+00
-7.894109e-02 1.106556e-01 2.475000e+00 5.550000e+00
1.007265e-01 1.759301e-01 2.475000e+00 5.650000e+00
1.870243e+00 1.870243e+00 2.475000e+00 5.750000e+00
nan nan 2.475000e+00 5.850000e+00
nan nan 2.475000e+00 5.950000e+00
nan nan 2.475000e+00 6.050000e+00
nan nan 2.475000e+00 6.150000e+00
nan nan 2.475000e+00 6.250000e+00
nan nan 2.475000e+00 6.350000e+00
nan nan 2.475000e+00 6.450000e+00
nan nan 2.475000e+00 6.550000e+00
nan nan 2.475000e+00 6.650000e+00
nan nan 2.475000e+00 6.750000e+00
nan nan 2.475000e+00 6.850000e+00
nan nan 2.475000e+00 6.950000e+00
2.682532e+01 1.191356e+00 2.524999e+00 5.000000e-02
6.934704e+00 6.252822e-01 2.524999e+00 1.500000e-01
1.167667e+00 2.610987e-01 2.524999e+00 2.500000e-01
4.902951e-01 1.733456e-01 2.524999e+00 3.500000e-01
1.222682e-01 1.221014e-01 2.524999e+00 4.500000e-01
1.773819e-01 1.024115e-01 2.524999e+00 5.500000e-01
-6.121269e-02 1.057017e-01 2.524999e+00 6.500000e-01
1.801332e-01 1.040001e-01 2.524999e+00 7.500000e-01
5.639486e-02 5.639486e-02 2.524999e+00 8.500000e-01
-2.149931e-04 7.814635e-02 2.524999e+00 9.500000e-01
-5.163992e-02 5.163992e-02 2.524999e+00 1.050000e+00
-4.685553e-02 8.125703e-02 2.524999e+00 1.150000e+00
2.993067e-05 1.102480e-01 2.524999e+00 1.250000e+00
-4.755306e-05 5.883285e-02 2.524999e+00 1.350000e+00
0.000000e+00 0.000000e+00 2.524999e+00 1.450000e+00
3.786859e-02 8.418935e-02 2.524999e+00 1.550000e+00
7.094849e-02 7.096110e-02 2.524999e+00 1.650000e+00
1.763281e-01 7.885656e-02 2.524999e+00 1.750000e+00
-6.932499e-02 4.902021e-02 2.524999e+00 1.850000e+00
-3.446356e-02 7.667997e-02 2.524999e+00 1.950000e+00
6.640818e-02 6.659712e-02 2.524999e+00 2.050000e+00
1.328299e-01 6.641502e-02 2.524999e+00 2.150000e+00
-3.313226e-02 3.313226e-02 2.524999e+00 2.250000e+00
1.566195e-05 4.712129e-02 2.524999e+00 2.350000e+00
1.000956e-01 7.438439e-02 2.524999e+00 2.450000e+00
2.235282e-04 6.630736e-02 2.524999e+00 2.550000e+00
1.321749e-01 1.236135e-01 2.524999e+00 2.650000e+00
6.301897e-05 4.743795e-02 2.524999e+00 2.750000e+00
-3.387370e-02 5.861535e-02 2.524999e+00 2.850000e+00
1.368886e-01 8.392946e-02 2.524999e+00 2.950000e+00
6.985724e-02 8.499913e-02 2.524999e+00 3.050000e+00
1.795975e-01 9.484572e-02 2.524999e+00 3.150000e+00
3.717419e-02 8.268908e-02 2.524999e+00 3.250000e+00
1.490622e-01 7.453158e-02 2.524999e+00 3.350000e+00
2.661842e-01 1.140685e-01 2.524999e+00 3.450000e+00
5.787686e-01 1.494379e-01 2.524999e+00 3.550000e+00
4.157680e-01 1.463182e-01 2.524999e+00 3.650000e+00
3.472876e-01 1.279641e-01 2.524999e+00 3.750000e+00
1.480577e-01 1.047062e-01 2.524999e+00 3.850000e+00
-6.905100e-02 6.852353e-02 2.524999e+00 3.950000e+00
1.910370e-04 7.668275e-02 2.524999e+00 4.050000e+00
5.679720e-02 7.972944e-02 2.524999e+00 4.150000e+00
2.617809e-02 6.965810e-02 2.524999e+00 4.250000e+00
1.831087e-01 6.920905e-02 2.524999e+00 4.350000e+00
1.063218e-01 9.267115e-02 2.524999e+00 4.450000e+00
5.546186e-02 6.757701e-02 2.524999e+00 4.550000e+00
2.845849e-02 6.274170e-02 2.524999e+00 4.650000e+00
8.164540e-02 7.219588e-02 2.524999e+00 4.750000e+00
1.005165e-01 7.956584e-02 2.524999e+00 4.850000e+00
7.386430e-02 7.338665e-02 2.524999e+00 4.950000e+00
-3.024621e-04 7.100805e-02 2.524999e+00 5.050000e+00
1.729958e-01 8.176075e-02 2.524999e+00 5.150000e+00
1.359005e-01 7.853273e-02 2.524999e+00 5.250000e+00
-4.495211e-02 9.533200e-02 2.524999e+00 5.350000e+00
5.175848e-04 7.512074e-02 2.524999e+00 5.450000e+00
2.437327e-01 1.213710e-01 2.524999e+00 5.550000e+00
-4.955101e-02 1.493744e-01 2.524999e+00 5.650000e+00
-1.937766e-01 3.369699e-01 2.524999e+00 5.750000e+00
0.000000e+00 0.000000e+00 2.524999e+00 5.850000e+00
nan nan 2.524999e+00 5.950000e+00
nan nan 2.524999e+00 6.050000e+00
nan nan 2.524999e+00 6.150000e+00
nan nan 2.524999e+00 6.250000e+00
nan nan 2.524999e+00 6.350000e+00
nan nan 2.524999e+00 6.450000e+00
nan nan 2.524999e+00 6.550000e+00
nan nan 2.524999e+00 6.650000e+00
nan nan 2.524999e+00 6.750000e+00
nan nan 2.524999e+00 6.850000e+00
nan nan 2.524999e+00 6.950000e+00
2.526428e+01 1.315208e+00 2.574999e+00 5.000000e-02
6.178437e+00 6.372581e-01 2.574999e+00 1.500000e-01
9.446795e-01 2.439159e-01 2.574999e+00 2.500000e-01
3.773976e-01 1.540721e-01 2.574999e+00 3.500000e-01
2.252816e-01 1.126408e-01 2.574999e+00 4.500000e-01
2.009489e-01 1.228510e-01 2.574999e+00 5.500000e-01
-1.183053e-04 9.776662e-02 2.574999e+00 6.500000e-01
1.346517e-01 7.774132e-02 2.574999e+00 7.500000e-01
1.210037e-01 6.986157e-02 2.574999e+00 8.500000e-01
2.383460e-04 7.868707e-02 2.574999e+00 9.500000e-01
1.505735e-01 7.528701e-02 2.574999e+00 1.050000e+00
7.375198e-02 1.044682e-01 2.574999e+00 1.150000e+00
7.099919e-02 7.113014e-02 2.574999e+00 1.250000e+00
-3.423312e-02 8.978359e-02 2.574999e+00 1.350000e+00
3.441953e-02 7.714463e-02 2.574999e+00 1.450000e+00
-3.372793e-02 5.839709e-02 2.574999e+00 1.550000e+00
-6.513273e-05 6.501281e-02 2.574999e+00 1.650000e+00
3.252369e-02 3.252369e-02 2.574999e+00 1.750000e+00
9.864477e-02 7.366266e-02 2.574999e+00 1.850000e+00
-9.910898e-02 5.722062e-02 2.574999e+00 1.950000e+00
6.426211e-02 4.544017e-02 2.574999e+00 2.050000e+00
2.237928e-01 8.458593e-02 2.574999e+00 2.150000e+00
-3.204158e-02 5.588202e-02 2.574999e+00 2.250000e+00
1.240096e-04 6.511876e-02 2.574999e+00 2.350000e+00
-2.389983e-04 4.574456e-02 2.574999e+00 2.450000e+00
3.226109e-02 7.096590e-02 2.574999e+00 2.550000e+00
6.285573e-02 4.444593e-02 2.574999e+00 2.650000e+00
-3.159804e-02 5.478802e-02 2.574999e+00 2.750000e+00
3.187510e-02 5.488447e-02 2.574999e+00 2.850000e+00
3.179404e-02 7.073237e-02 2.574999e+00 2.950000e+00
-5.120287e-04 9.936057e-02 2.574999e+00 3.050000e+00
-3.082161e-02 6.854130e-02 2.574999e+00 3.150000e+00
1.813899e-01 8.539929e-02 2.574999e+00 3.250000e+00
2.431771e-01 9.620947e-02 2.574999e+00 3.350000e+00
3.650469e-01 1.137835e-01 2.574999e+00 3.450000e+00
4.602440e-01 1.406219e-01 2.574999e+00 3.550000e+00
2.263820e-01 1.071662e-01 2.574999e+00 3.650000e+00
2.628883e-01 1.040468e-01 2.574999e+00 3.750000e+00
1.747514e-01 9.229768e-02 2.574999e+00 3.850000e+00
2.516102e-01 1.080107e-01 2.574999e+00 3.950000e+00
3.664002e-02 6.348026e-02 2.574999e+00 4.050000e+00
1.111047e-01 8.297276e-02 2.574999e+00 4.150000e+00
1.071390e-01 6.185676e-02 2.574999e+00 4.250000e+00
1.610432e-01 8.500162e-02 2.574999e+00 4.350000e+00
5.703751e-02 5.735708e-02 2.574999e+00 4.450000e+00
2.652415e-02 6.955554e-02 2.574999e+00 4.550000e+00
-2.738955e-02 9.534283e-02 2.574999e+00 4.650000e+00
2.721894e-02 8.121109e-02 2.574999e+00 4.750000e+00
8.377241e-02 7.370359e-02 2.574999e+00 4.850000e+00
-5.392230e-02 7.697281e-02 2.574999e+00 4.950000e+00
1.238892e-01 8.974410e-02 2.574999e+00 5.050000e+00
4.951225e-02 9.886368e-02 2.574999e+00 5.150000e+00
-7.434482e-02 9.054957e-02 2.574999e+00 5.250000e+00
-4.637986e-02 9.401676e-02 2.574999e+00 5.350000e+00
4.605053e-02 8.459050e-02 2.574999e+00 5.450000e+00
5.396689e-02 1.070520e-01 2.574999e+00 5.550000e+00
1.086801e-01 1.081297e-01 2.574999e+00 5.650000e+00
6.894790e-02 2.106080e-01 2.574999e+00 5.750000e+00
9.711226e-01 6.866876e-01 2.574999e+00 5.850000e+00
nan nan 2.574999e+00 5.950000e+00
nan nan 2.574999e+00 6.050000e+00
nan nan 2.574999e+00 6.150000e+00
nan nan 2.574999e+00 6.250000e+00
nan nan 2.574999e+00 6.350000e+00
nan nan 2.574999e+00 6.450000e+00
nan nan 2.574999e+00 6.550000e+00
nan nan 2.574999e+00 6.650000e+00
nan nan 2.574999e+00 6.750000e+00
nan nan 2.574999e+00 6.850000e+00
nan nan 2.574999e+00 6.950000e+00
2.267642e+01 1.079831e+00 2.624999e+00 5.000000e-02
5.780180e+00 5.254278e-01 2.624999e+00 1.500000e-01
7.710301e-01 2.078939e-01 2.624999e+00 2.500000e-01
4.585652e-01 1.834459e-01 2.624999e+00 3.500000e-01
5.370701e-01 1.550391e-01 2.624999e+00 4.500000e-01
3.084760e-01 1.321953e-01 2.624999e+00 5.500000e-01
8.602928e-02 6.083189e-02 2.624999e+00 6.500000e-01
1.249227e-01 7.212426e-02 2.624999e+00 7.500000e-01
1.238191e-01 7.148720e-02 2.624999e+00 8.500000e-01
1.844519e-04 7.846007e-02 2.624999e+00 9.500000e-01
2.263737e-01 1.067909e-01 2.624999e+00 1.050000e+00
3.837706e-02 1.017337e-01 2.624999e+00 1.150000e+00
3.659718e-02 1.089855e-01 2.624999e+00 1.250000e+00
6.884355e-02 4.867989e-02 2.624999e+00 1.350000e+00
3.536394e-01 1.118308e-01 2.624999e+00 1.450000e+00
1.061857e-01 6.130644e-02 2.624999e+00 1.550000e+00
6.956440e-02 1.096142e-01 2.624999e+00 1.650000e+00
-1.053699e-01 7.833825e-02 2.624999e+00 1.750000e+00
2.881590e-01 1.018799e-01 2.624999e+00 1.850000e+00
3.624637e-02 6.276498e-02 2.624999e+00 1.950000e+00
3.546074e-02 3.546074e-02 2.624999e+00 2.050000e+00
1.764119e-01 7.889418e-02 2.624999e+00 2.150000e+00
3.590172e-02 3.590172e-02 2.624999e+00 2.250000e+00
-3.631891e-02 6.304582e-02 2.624999e+00 2.350000e+00
3.656101e-02 6.339666e-02 2.624999e+00 2.450000e+00
1.071403e-01 7.995310e-02 2.624999e+00 2.550000e+00
7.086814e-02 1.119567e-01 2.624999e+00 2.650000e+00
-3.510375e-02 7.876164e-02 2.624999e+00 2.750000e+00
-1.597273e-04 6.993999e-02 2.624999e+00 2.850000e+00
1.042301e-01 9.198185e-02 2.624999e+00 2.950000e+00
6.870674e-02 6.876782e-02 2.624999e+00 3.050000e+00
3.342067e-02 7.566732e-02 2.624999e+00 3.150000e+00
6.711300e-02 8.177489e-02 2.624999e+00 3.250000e+00
3.251114e-02 7.234844e-02 2.624999e+00 3.350000e+00
1.903058e-01 8.953906e-02 2.624999e+00 3.450000e+00
5.327572e-01 1.292132e-01 2.624999e+00 3.550000e+00
3.647029e-01 1.052812e-01 2.624999e+00 3.650000e+00
2.423088e-01 8.566990e-02 2.624999e+00 3.750000e+00
-2.450680e-04 8.439054e-02 2.624999e+00 3.850000e+00
5.945594e-02 5.958525e-02 2.624999e+00 3.950000e+00
3.048053e-02 6.778730e-02 2.624999e+00 4.050000e+00
6.323573e-02 8.986948e-02 2.624999e+00 4.150000e+00
6.645434e-02 8.150340e-02 2.624999e+00 4.250000e+00
3.486932e-02 6.076506e-02 2.624999e+00 4.350000e+00
1.439549e-01 1.011996e-01 2.624999e+00 4.450000e+00
3.911484e-04 7.004452e-02 2.624999e+00 4.550000e+00
1.256118e-01 6.280682e-02 2.624999e+00 4.650000e+00
2.762716e-02 6.139133e-02 2.624999e+00 4.750000e+00
1.047843e-01 5.239217e-02 2.624999e+00 4.850000e+00
5.333484e-02 7.656600e-02 2.624999e+00 4.950000e+00
1.392959e-01 9.204699e-02 2.624999e+00 5.050000e+00
1.072556e-01 7.557387e-02 2.624999e+00 5.150000e+00
4.921779e-02 8.523560e-02 2.624999e+00 5.250000e+00
7.371025e-02 9.018525e-02 2.624999e+00 5.350000e+00
2.448522e-02 9.442237e-02 2.624999e+00 5.450000e+00
-2.339792e-02 1.035419e-01 2.624999e+00 5.550000e+00
3.027525e-02 1.105048e-01 2.624999e+00 5.650000e+00
2.246365e-01 1.190014e-01 2.624999e+00 5.750000e+00
-2.336255e-01 2.331603e-01 2.624999e+00 5.850000e+00
0.000000e+00 0.000000e+00 2.624999e+00 5.950000e+00
nan nan 2.624999e+00 6.050000e+00
nan nan 2.624999e+00 6.150000e+00
nan nan 2.624999e+00 6.250000e+00
nan nan 2.624999e+00 6.350000e+00
nan nan 2.624999e+00 6.450000e+00
nan nan 2.624999e+00 6.550000e+00
nan nan 2.624999e+00 6.650000e+00
nan nan 2.624999e+00 6.750000e+00
nan nan 2.624999e+00 6.850000e+00
nan nan 2.624999e+00 6.950000e+00
2.552149e+01 1.080397e+00 2.674999e+00 5.000000e-02
5.937427e+00 5.267916e-01 2.674999e+00 1.500000e-01
1.076623e+00 2.494827e-01 2.674999e+00 2.500000e-01
4.553880e-01 1.440066e-01 2.674999e+00 3.500000e-01
8.998282e-02 1.100510e-01 2.674999e+00 4.500000e-01
2.343731e-01 1.240880e-01 2.674999e+00 5.500000e-01
2.168738e-01 1.147232e-01 2.674999e+00 6.500000e-01
1.270274e-01 9.467552e-02 2.674999e+00 7.500000e-01
2.735347e-01 1.116702e-01 2.674999e+00 8.500000e-01
1.711379e-01 8.556922e-02 2.674999e+00 9.500000e-01
8.202074e-02 5.799743e-02 2.674999e+00 1.050000e+00
8.644762e-02 8.643301e-02 2.674999e+00 1.150000e+00
1.695991e-01 8.479958e-02 2.674999e+00 1.250000e+00
1.231644e-01 7.110918e-02 2.674999e+00 1.350000e+00
1.236336e-01 7.138004e-02 2.674999e+00 1.450000e+00
1.642907e-01 8.214547e-02 2.674999e+00 1.550000e+00
1.222441e-01 7.057780e-02 2.674999e+00 1.650000e+00
1.590866e-01 9.738393e-02 2.674999e+00 1.750000e+00
7.953551e-02 7.925476e-02 2.674999e+00 1.850000e+00
8.109884e-02 5.734556e-02 2.674999e+00 1.950000e+00
2.025201e-01 9.056993e-02 2.674999e+00 2.050000e+00
0.000000e+00 0.000000e+00 2.674999e+00 2.150000e+00
3.981620e-02 3.981620e-02 2.674999e+00 2.250000e+00
-4.067408e-02 4.067408e-02 2.674999e+00 2.350000e+00
4.021334e-02 4.021334e-02 2.674999e+00 2.450000e+00
2.372028e-01 1.250859e-01 2.674999e+00 2.550000e+00
1.568230e-01 7.841155e-02 2.674999e+00 2.650000e+00
7.825416e-02 7.846031e-02 2.674999e+00 2.750000e+00
3.964451e-02 6.858833e-02 2.674999e+00 2.850000e+00
-6.704065e-04 7.871940e-02 2.674999e+00 2.950000e+00
1.525199e-01 9.360379e-02 2.674999e+00 3.050000e+00
1.859951e-01 1.445347e-01 2.674999e+00 3.150000e+00
3.658249e-02 6.347719e-02 2.674999e+00 3.250000e+00
1.470898e-01 8.976305e-02 2.674999e+00 3.350000e+00
4.862007e-01 1.628012e-01 2.674999e+00 3.450000e+00
4.077558e-01 1.437196e-01 2.674999e+00 3.550000e+00
3.966190e-01 1.300846e-01 2.674999e+00 3.650000e+00
1.407529e-01 9.947260e-02 2.674999e+00 3.750000e+00
2.031332e-01 8.292936e-02 2.674999e+00 3.850000e+00
1.958317e-01 7.994847e-02 2.674999e+00 3.950000e+00
6.280439e-02 4.440989e-02 2.674999e+00 4.050000e+00
8.993217e-02 6.687479e-02 2.674999e+00 4.150000e+00
5.923022e-02 8.318815e-02 2.674999e+00 4.250000e+00
-7.987652e-04 8.241153e-02 2.674999e+00 4.350000e+00
1.520718e-01 1.174263e-01 2.674999e+00 4.450000e+00
6.312872e-02 7.829811e-02 2.674999e+00 4.550000e+00
-7.796933e-04 6.813389e-02 2.674999e+00 4.650000e+00
1.415915e-01 7.079594e-02 2.674999e+00 4.750000e+00
6.595289e-02 6.626038e-02 2.674999e+00 4.850000e+00
-8.638406e-02 7.590626e-02 2.674999e+00 4.950000e+00
5.288319e-02 6.460524e-02 2.674999e+00 5.050000e+00
8.101185e-02 7.177963e-02 2.674999e+00 5.150000e+00
1.379260e-01 7.325907e-02 2.674999e+00 5.250000e+00
-2.625256e-02 6.841851e-02 2.674999e+00 5.350000e+00
-2.461834e-02 6.535229e-02 2.674999e+00 5.450000e+00
7.315894e-02 1.143331e-01 2.674999e+00 5.550000e+00
-2.093698e-01 9.816814e-02 2.674999e+00 5.650000e+00
-7.311457e-02 1.444425e-01 2.674999e+00 5.750000e+00
-6.244358e-02 1.596965e-01 2.674999e+00 5.850000e+00
-3.508286e-04 4.072644e-01 2.674999e+00 5.950000e+00
nan nan 2.674999e+00 6.050000e+00
nan nan 2.674999e+00 6.150000e+00
nan nan 2.674999e+00 6.250000e+00
nan nan 2.674999e+00 6.350000e+00
nan nan 2.674999e+00 6.450000e+00
nan nan 2.674999e+00 6.550000e+00
nan nan 2.674999e+00 6.650000e+00
nan nan 2.674999e+00 6.750000e+00
nan nan 2.674999e+00 6.850000e+00
nan nan 2.674999e+00 6.950000e+00
2.476308e+01 1.073615e+00 2.724999e+00 5.000000e-02
6.570679e+00 5.738241e-01 2.724999e+00 1.500000e-01
6.878709e-01 2.181277e-01 2.724999e+00 2.500000e-01
7.472318e-01 2.053521e-01 2.724999e+00 3.500000e-01
3.536160e-01 1.516621e-01 2.724999e+00 4.500000e-01
2.162924e-01 1.322655e-01 2.724999e+00 5.500000e-01
1.541670e-01 8.900837e-02 2.724999e+00 6.500000e-01
4.979759e-02 4.979759e-02 2.724999e+00 7.500000e-01
1.983683e-01 9.918438e-02 2.724999e+00 8.500000e-01
2.325113e-04 1.177940e-01 2.724999e+00 9.500000e-01
9.394719e-02 9.387264e-02 2.724999e+00 1.050000e+00
9.158594e-02 6.476120e-02 2.724999e+00 1.150000e+00
3.128396e-01 1.182426e-01 2.724999e+00 1.250000e+00
1.305642e-01 7.538147e-02 2.724999e+00 1.350000e+00
2.055079e-01 9.190607e-02 2.724999e+00 1.450000e+00
1.973902e-01 8.827563e-02 2.724999e+00 1.550000e+00
-3.949564e-02 6.844779e-02 2.724999e+00 1.650000e+00
7.642499e-02 9.393065e-02 2.724999e+00 1.750000e+00
3.774967e-02 3.774967e-02 2.724999e+00 1.850000e+00
7.622219e-02 5.389733e-02 2.724999e+00 1.950000e+00
3.765159e-02 6.474040e-02 2.724999e+00 2.050000e+00
1.079959e-01 6.235153e-02 2.724999e+00 2.150000e+00
1.425004e-01 1.008182e-01 2.724999e+00 2.250000e+00
2.157323e-01 1.018601e-01 2.724999e+00 2.350000e+00
1.079114e-01 6.230281e-02 2.724999e+00 2.450000e+00
2.462204e-01 1.165201e-01 2.724999e+00 2.550000e+00
1.390571e-01 1.201769e-01 2.724999e+00 2.650000e+00
2.426960e-01 1.149076e-01 2.724999e+00 2.750000e+00
3.527703e-02 1.362874e-01 2.724999e+00 2.850000e+00
1.391779e-01 1.103343e-01 2.724999e+00 2.950000e+00
5.284000e-04 1.475378e-01 2.724999e+00 3.050000e+00
3.428378e-02 7.782901e-02 2.724999e+00 3.150000e+00
3.165644e-01 1.266951e-01 2.724999e+00 3.250000e+00
-7.052537e-02 1.225452e-01 2.724999e+00 3.350000e+00
2.835944e-01 1.324214e-01 2.724999e+00 3.450000e+00
5.282952e-01 1.452557e-01 2.724999e+00 3.550000e+00
6.416223e-01 1.594663e-01 2.724999e+00 3.650000e+00
4.307852e-01 1.344175e-01 2.724999e+00 3.750000e+00
2.512595e-01 1.191171e-01 2.724999e+00 3.850000e+00
1.083459e-01 6.255412e-02 2.724999e+00 3.950000e+00
3.537723e-02 6.140538e-02 2.724999e+00 4.050000e+00
-3.571581e-02 7.919635e-02 2.724999e+00 4.150000e+00
3.360797e-02 7.603812e-02 2.724999e+00 4.250000e+00
1.643402e-01 9.834330e-02 2.724999e+00 4.350000e+00
1.858609e-01 7.587810e-02 2.724999e+00 4.450000e+00
2.951452e-02 6.544121e-02 2.724999e+00 4.550000e+00
-1.846852e-04 5.747861e-02 2.724999e+00 4.650000e+00
5.971954e-02 7.361822e-02 2.724999e+00 4.750000e+00
1.291719e-01 7.931307e-02 2.724999e+00 4.850000e+00
6.951503e-02 8.481285e-02 2.724999e+00 4.950000e+00
9.991736e-02 1.011163e-01 2.724999e+00 5.050000e+00
2.880947e-02 6.463198e-02 2.724999e+00 5.150000e+00
-4.942639e-04 7.500553e-02 2.724999e+00 5.250000e+00
-7.140614e-06 6.656380e-02 2.724999e+00 5.350000e+00
-2.721187e-02 1.048150e-01 2.724999e+00 5.450000e+00
-7.459388e-02 9.657416e-02 2.724999e+00 5.550000e+00
1.802738e-01 1.123401e-01 2.724999e+00 5.650000e+00
1.203698e-01 1.134357e-01 2.724999e+00 5.750000e+00
1.336222e-01 9.911463e-02 2.724999e+00 5.850000e+00
-1.890784e-01 1.899298e-01 2.724999e+00 5.950000e+00
-1.542120e+00 1.542120e+00 2.724999e+00 6.050000e+00
nan nan 2.724999e+00 6.150000e+00
nan nan 2.724999e+00 6.250000e+00
nan nan 2.724999e+00 6.350000e+00
nan nan 2.724999e+00 6.450000e+00
nan nan 2.724999e+00 6.550000e+00
nan nan 2.724999e+00 6.650000e+00
nan nan 2.724999e+00 6.750000e+00
nan nan 2.724999e+00 6.850000e+00
nan nan 2.724999e+00 6.950000e+00
2.421280e+01 1.166194e+00 2.774999e+00 5.000000e-02
6.069838e+00 6.010045e-01 2.774999e+00 1.500000e-01
1.137168e+00 2.542789e-01 2.774999e+00 2.500000e-01
6.172257e-01 2.022613e-01 2.774999e+00 3.500000e-01
2.909324e-01 1.538326e-01 2.774999e+00 4.500000e-01
2.230707e-01 1.115357e-01 2.774999e+00 5.500000e-01
1.048643e-01 7.415032e-02 2.774999e+00 6.500000e-01
1.980388e-01 9.901977e-02 2.774999e+00 7.500000e-01
1.863026e-01 9.315139e-02 2.774999e+00 8.500000e-01
1.344026e-01 1.001957e-01 2.774999e+00 9.500000e-01
1.718121e-01 8.590621e-02 2.774999e+00 1.050000e+00
3.896895e-02 8.786164e-02 2.774999e+00 1.150000e+00
1.907334e-01 1.143839e-01 2.774999e+00 1.250000e+00
3.456623e-01 1.273527e-01 2.774999e+00 1.350000e+00
2.216423e-01 1.044038e-01 2.774999e+00 1.450000e+00
1.827256e-01 9.659369e-02 2.774999e+00 1.550000e+00
1.858313e-01 8.310654e-02 2.774999e+00 1.650000e+00
7.304658e-02 1.037172e-01 2.774999e+00 1.750000e+00
1.812668e-01 9.577195e-02 2.774999e+00 1.850000e+00
7.252870e-02 7.234305e-02 2.774999e+00 1.950000e+00
7.306147e-02 5.166241e-02 2.774999e+00 2.050000e+00
-5.039294e-05 5.158160e-02 2.774999e+00 2.150000e+00
1.454788e-01 7.273972e-02 2.774999e+00 2.250000e+00
7.268160e-02 7.241074e-02 2.774999e+00 2.350000e+00
-3.624472e-02 3.624472e-02 2.774999e+00 2.450000e+00
1.786998e-01 7.991711e-02 2.774999e+00 2.550000e+00
1.775591e-01 9.388871e-02 2.774999e+00 2.650000e+00
2.460706e-04 8.680146e-02 2.774999e+00 2.750000e+00
3.565401e-02 6.179501e-02 2.774999e+00 2.850000e+00
3.538607e-02 9.326128e-02 2.774999e+00 2.950000e+00
3.531876e-02 9.252031e-02 2.774999e+00 3.050000e+00
1.040047e-01 1.042194e-01 2.774999e+00 3.150000e+00
1.377898e-01 1.086717e-01 2.774999e+00 3.250000e+00
1.711538e-01 9.077763e-02 2.774999e+00 3.350000e+00
2.732075e-01 1.182284e-01 2.774999e+00 3.450000e+00
5.461246e-01 1.448091e-01 2.774999e+00 3.550000e+00
2.362406e-01 1.217734e-01 2.774999e+00 3.650000e+00
2.642594e-01 1.144936e-01 2.774999e+00 3.750000e+00
6.610790e-02 1.042725e-01 2.774999e+00 3.850000e+00
9.963701e-02 7.424143e-02 2.774999e+00 3.950000e+00
3.332419e-02 7.476604e-02 2.774999e+00 4.050000e+00
3.401435e-02 5.861330e-02 2.774999e+00 4.150000e+00
1.372011e-01 6.860130e-02 2.774999e+00 4.250000e+00
3.478973e-02 6.028211e-02 2.774999e+00 4.350000e+00
-4.005663e-04 4.896783e-02 2.774999e+00 4.450000e+00
-3.489758e-02 9.126859e-02 2.774999e+00 4.550000e+00
3.259410e-02 5.673571e-02 2.774999e+00 4.650000e+00
3.107533e-02 9.294366e-02 2.774999e+00 4.750000e+00
-1.177535e-04 8.186537e-02 2.774999e+00 4.850000e+00
1.158917e-01 8.232250e-02 2.774999e+00 4.950000e+00
3.098372e-02 7.005528e-02 2.774999e+00 5.050000e+00
1.364577e-01 9.639513e-02 2.774999e+00 5.150000e+00
-2.824027e-04 9.431672e-02 2.774999e+00 5.250000e+00
8.514912e-02 9.373720e-02 2.774999e+00 5.350000e+00
1.070825e-01 8.480113e-02 2.774999e+00 5.450000e+00
3.820313e-04 8.709089e-02 2.774999e+00 5.550000e+00
2.441125e-02 1.116884e-01 2.774999e+00 5.650000e+00
-1.112081e-01 1.285504e-01 2.774999e+00 5.750000e+00
4.670963e-04 1.356805e-01 2.774999e+00 5.850000e+00
3.975448e-04 1.656020e-01 2.774999e+00 5.950000e+00
-6.251283e-01 4.670578e-01 2.774999e+00 6.050000e+00
0.000000e+00 0.000000e+00 2.774999e+00 6.150000e+00
nan nan 2.774999e+00 6.250000e+00
nan nan 2.774999e+00 6.350000e+00
nan nan 2.774999e+00 6.450000e+00
nan nan 2.774999e+00 6.550000e+00
nan nan 2.774999e+00 6.650000e+00
nan nan 2.774999e+00 6.750000e+00
nan nan 2.774999e+00 6.850000e+00
nan nan 2.774999e+00 6.950000e+00
2.538070e+01 1.236989e+00 2.824999e+00 5.000000e-02
5.484339e+00 5.656672e-01 2.824999e+00 1.500000e-01
7.980183e-01 2.319023e-01 2.824999e+00 2.500000e-01
5.229329e-01 1.653663e-01 2.824999e+00 3.500000e-01
1.515447e-01 1.130158e-01 2.824999e+00 4.500000e-01
2.771903e-01 1.306655e-01 2.824999e+00 5.500000e-01
2.761281e-01 1.127291e-01 2.824999e+00 6.500000e-01
1.373868e-01 1.025896e-01 2.824999e+00 7.500000e-01
2.563041e-01 1.046361e-01 2.824999e+00 8.500000e-01
-4.213826e-02 1.269062e-01 2.824999e+00 9.500000e-01
4.197720e-01 1.327439e-01 2.824999e+00 1.050000e+00
1.184696e-01 6.839866e-02 2.824999e+00 1.150000e+00
3.132858e-01 1.465667e-01 2.824999e+00 1.250000e+00
7.765626e-02 7.780173e-02 2.824999e+00 1.350000e+00
7.531517e-02 7.531639e-02 2.824999e+00 1.450000e+00
1.137619e-01 1.002323e-01 2.824999e+00 1.550000e+00
7.558108e-02 9.284389e-02 2.824999e+00 1.650000e+00
7.675833e-02 9.404464e-02 2.824999e+00 1.750000e+00
1.180157e-01 8.813537e-02 2.824999e+00 1.850000e+00
1.190832e-01 1.050149e-01 2.824999e+00 1.950000e+00
4.007378e-02 6.936535e-02 2.824999e+00 2.050000e+00
8.047021e-02 8.065429e-02 2.824999e+00 2.150000e+00
-4.047163e-02 4.047162e-02 2.824999e+00 2.250000e+00
8.184630e-02 5.787431e-02 2.824999e+00 2.350000e+00
8.221820e-02 8.266342e-02 2.824999e+00 2.450000e+00
1.668605e-01 1.177369e-01 2.824999e+00 2.550000e+00
8.287386e-02 8.313033e-02 2.824999e+00 2.650000e+00
1.651150e-01 1.012850e-01 2.824999e+00 2.750000e+00
-9.936077e-05 5.806530e-02 2.824999e+00 2.850000e+00
-1.030624e-04 1.001107e-01 2.824999e+00 2.950000e+00
2.033596e-01 9.094544e-02 2.824999e+00 3.050000e+00
1.622490e-01 1.279548e-01 2.824999e+00 3.150000e+00
1.604597e-01 9.829914e-02 2.824999e+00 3.250000e+00
7.898029e-02 9.745546e-02 2.824999e+00 3.350000e+00
2.368215e-01 1.249002e-01 2.824999e+00 3.450000e+00
4.252668e-01 1.282236e-01 2.824999e+00 3.550000e+00
4.503806e-01 1.300146e-01 2.824999e+00 3.650000e+00
2.575727e-01 1.218435e-01 2.824999e+00 3.750000e+00
2.892781e-01 1.144246e-01 2.824999e+00 3.850000e+00
2.101431e-01 9.926395e-02 2.824999e+00 3.950000e+00
-3.463683e-02 1.018591e-01 2.824999e+00 4.050000e+00
1.649557e-01 9.897665e-02 2.824999e+00 4.150000e+00
1.637571e-01 8.657768e-02 2.824999e+00 4.250000e+00
-3.208859e-02 8.527297e-02 2.824999e+00 4.350000e+00
-3.233468e-02 7.259564e-02 2.824999e+00 4.450000e+00
3.302478e-02 7.341159e-02 2.824999e+00 4.550000e+00
3.346770e-02 3.346770e-02 2.824999e+00 4.650000e+00
3.340577e-02 7.565356e-02 2.824999e+00 4.750000e+00
2.027932e-04 6.737984e-02 2.824999e+00 4.850000e+00
3.191174e-02 5.541057e-02 2.824999e+00 4.950000e+00
9.005762e-02 6.708841e-02 2.824999e+00 5.050000e+00
1.432986e-01 9.502188e-02 2.824999e+00 5.150000e+00
6.051836e-02 8.701198e-02 2.824999e+00 5.250000e+00
1.019177e-01 1.126938e-01 2.824999e+00 5.350000e+00
6.420308e-02 7.846334e-02 2.824999e+00 5.450000e+00
2.734040e-02 8.209093e-02 2.824999e+00 5.550000e+00
-9.095703e-04 1.022989e-01 2.824999e+00 5.650000e+00
1.339967e-01 9.706525e-02 2.824999e+00 5.750000e+00
-3.254163e-02 1.036421e-01 2.824999e+00 5.850000e+00
-9.247567e-02 1.812868e-01 2.824999e+00 5.950000e+00
9.144162e-02 2.385561e-01 2.824999e+00 6.050000e+00
-1.020412e+00 1.020412e+00 2.824999e+00 6.150000e+00
nan nan 2.824999e+00 6.250000e+00
nan nan 2.824999e+00 6.350000e+00
nan nan 2.824999e+00 6.450000e+00
nan nan 2.824999e+00 6.550000e+00
nan nan 2.824999e+00 6.650000e+00
nan nan 2.824999e+00 6.750000e+00
nan nan 2.824999e+00 6.850000e+00
nan nan 2.824999e+00 6.950000e+00
2.592451e+01 1.179605e+00 2.874999e+00 5.000000e-02
7.255147e+00 6.197772e-01 2.874999e+00 1.500000e-01
1.527619e+00 2.743689e-01 2.874999e+00 2.500000e-01
6.167060e-01 1.922225e-01 2.874999e+00 3.500000e-01
2.500513e-01 1.118264e-01 2.874999e+00 4.500000e-01
2.328740e-01 1.041446e-01 2.874999e+00 5.500000e-01
2.850085e-01 1.500438e-01 2.874999e+00 6.500000e-01
1.386628e-01 8.005711e-02 2.874999e+00 7.500000e-01
2.143311e-01 1.284682e-01 2.874999e+00 8.500000e-01
2.210402e-01 9.885223e-02 2.874999e+00 9.500000e-01
2.233981e-01 9.990679e-02 2.874999e+00 1.050000e+00
-1.731487e-04 8.499083e-02 2.874999e+00 1.150000e+00
8.674498e-02 8.670974e-02 2.874999e+00 1.250000e+00
2.761710e-05 1.081668e-01 2.874999e+00 1.350000e+00
0.000000e+00 0.000000e+00 2.874999e+00 1.450000e+00
4.482600e-02 4.482600e-02 2.874999e+00 1.550000e+00
-4.535566e-02 7.837234e-02 2.874999e+00 1.650000e+00
4.474049e-02 4.474049e-02 2.874999e+00 1.750000e+00
4.474210e-02 7.717032e-02 2.874999e+00 1.850000e+00
-8.976016e-02 1.102543e-01 2.874999e+00 1.950000e+00
4.501695e-02 4.501695e-02 2.874999e+00 2.050000e+00
-8.928752e-02 6.313593e-02 2.874999e+00 2.150000e+00
3.457946e-04 6.391316e-02 2.874999e+00 2.250000e+00
0.000000e+00 0.000000e+00 2.874999e+00 2.350000e+00
8.676191e-02 6.135008e-02 2.874999e+00 2.450000e+00
4.336482e-02 7.482954e-02 2.874999e+00 2.550000e+00
4.336682e-02 4.336682e-02 2.874999e+00 2.650000e+00
4.311690e-02 7.429326e-02 2.874999e+00 2.750000e+00
3.739642e-04 5.896184e-02 2.874999e+00 2.850000e+00
8.374667e-02 8.382417e-02 2.874999e+00 2.950000e+00
-4.216047e-02 1.258769e-01 2.874999e+00 3.050000e+00
8.366993e-02 1.018720e-01 2.874999e+00 3.150000e+00
-4.113243e-02 9.154123e-02 2.874999e+00 3.250000e+00
1.615840e-01 1.142302e-01 2.874999e+00 3.350000e+00
2.841107e-01 1.344716e-01 2.874999e+00 3.450000e+00
4.894467e-01 1.412916e-01 2.874999e+00 3.550000e+00
4.123586e-01 1.303997e-01 2.874999e+00 3.650000e+00
1.240660e-01 1.241548e-01 2.874999e+00 3.750000e+00
2.013870e-01 1.065929e-01 2.874999e+00 3.850000e+00
1.960940e-01 1.176121e-01 2.874999e+00 3.950000e+00
-3.934594e-02 1.193885e-01 2.874999e+00 4.050000e+00
1.185339e-01 8.823118e-02 2.874999e+00 4.150000e+00
1.131614e-01 1.001939e-01 2.874999e+00 4.250000e+00
7.320791e-02 1.271496e-01 2.874999e+00 4.350000e+00
1.752834e-01 7.838935e-02 2.874999e+00 4.450000e+00
-3.362243e-02 3.362243e-02 2.874999e+00 4.550000e+00
6.460856e-02 1.110145e-01 2.874999e+00 4.650000e+00
1.590178e-01 7.111539e-02 2.874999e+00 4.750000e+00
1.604373e-04 1.015101e-01 2.874999e+00 4.850000e+00
-9.790451e-02 7.308220e-02 2.874999e+00 4.950000e+00
3.384547e-02 8.774946e-02 2.874999e+00 5.050000e+00
-3.343468e-02 8.683055e-02 2.874999e+00 5.150000e+00
6.135574e-02 8.663700e-02 2.874999e+00 5.250000e+00
2.943061e-02 6.482749e-02 2.874999e+00 5.350000e+00
1.546781e-01 1.028705e-01 2.874999e+00 5.450000e+00
6.825003e-02 1.177438e-01 2.874999e+00 5.550000e+00
-8.996424e-02 9.895075e-02 2.874999e+00 5.650000e+00
-8.039462e-02 8.941384e-02 2.874999e+00 5.750000e+00
5.736553e-02 8.290794e-02 2.874999e+00 5.850000e+00
3.534578e-02 1.785976e-01 2.874999e+00 5.950000e+00
3.027476e-01 1.807929e-01 2.874999e+00 6.050000e+00
1.995831e-01 3.399247e-01 2.874999e+00 6.150000e+00
0.000000e+00 0.000000e+00 2.874999e+00 6.250000e+00
nan nan 2.874999e+00 6.350000e+00
nan nan 2.874999e+00 6.450000e+00
nan nan 2.874999e+00 6.550000e+00
nan nan 2.874999e+00 6.650000e+00
nan nan 2.874999e+00 6.750000e+00
nan nan 2.874999e+00 6.850000e+00
nan nan 2.874999e+00 6.950000e+00
2.505936e+01 1.172225e+00 2.924999e+00 5.000000e-02
5.780887e+00 5.581230e-01 2.924999e+00 1.500000e-01
1.465713e+00 2.962264e-01 2.924999e+00 2.500000e-01
7.774731e-01 2.007432e-01 2.924999e+00 3.500000e-01
5.202666e-01 1.801370e-01 2.924999e+00 4.500000e-01
2.624151e-01 1.387918e-01 2.924999e+00 5.500000e-01
4.133841e-01 1.461536e-01 2.924999e+00 6.500000e-01
3.648542e-01 1.379022e-01 2.924999e+00 7.500000e-01
5.183089e-02 5.183089e-02 2.924999e+00 8.500000e-01
-5.124117e-02 8.846776e-02 2.924999e+00 9.500000e-01
-4.790260e-04 9.933225e-02 2.924999e+00 1.050000e+00
1.944315e-01 1.190466e-01 2.924999e+00 1.150000e+00
2.396744e-01 1.071858e-01 2.924999e+00 1.250000e+00
1.972399e-04 6.837338e-02 2.924999e+00 1.350000e+00
0.000000e+00 0.000000e+00 2.924999e+00 1.450000e+00
4.423544e-02 4.423544e-02 2.924999e+00 1.550000e+00
-4.431059e-02 4.431059e-02 2.924999e+00 1.650000e+00
1.096924e-04 8.641887e-02 2.924999e+00 1.750000e+00
1.038161e-04 5.898354e-02 2.924999e+00 1.850000e+00
2.109569e-01 9.434291e-02 2.924999e+00 1.950000e+00
4.124995e-02 7.094149e-02 2.924999e+00 2.050000e+00
-2.243552e-05 5.472414e-02 2.924999e+00 2.150000e+00
7.952160e-02 5.623064e-02 2.924999e+00 2.250000e+00
0.000000e+00 0.000000e+00 2.924999e+00 2.350000e+00
0.000000e+00 0.000000e+00 2.924999e+00 2.450000e+00
-3.802055e-02 3.802055e-02 2.924999e+00 2.550000e+00
-3.882430e-02 6.703430e-02 2.924999e+00 2.650000e+00
2.321247e-01 1.095044e-01 2.924999e+00 2.750000e+00
3.007407e-01 1.063286e-01 2.924999e+00 2.850000e+00
4.329004e-04 1.071676e-01 2.924999e+00 2.950000e+00
7.756042e-02 7.725622e-02 2.924999e+00 3.050000e+00
1.533087e-01 1.212360e-01 2.924999e+00 3.150000e+00
-3.799238e-02 1.241873e-01 2.924999e+00 3.250000e+00
1.482036e-01 9.050111e-02 2.924999e+00 3.350000e+00
2.989475e-01 1.179891e-01 2.924999e+00 3.450000e+00
1.862424e-01 8.329063e-02 2.924999e+00 3.550000e+00
5.191853e-01 1.483213e-01 2.924999e+00 3.650000e+00
3.647804e-01 1.153542e-01 2.924999e+00 3.750000e+00
-3.202796e-04 5.150731e-02 2.924999e+00 3.850000e+00
1.107159e-01 8.281850e-02 2.924999e+00 3.950000e+00
2.006982e-04 7.517043e-02 2.924999e+00 4.050000e+00
1.513223e-01 1.066004e-01 2.924999e+00 4.150000e+00
3.856163e-02 1.007625e-01 2.924999e+00 4.250000e+00
2.316953e-01 1.216838e-01 2.924999e+00 4.350000e+00
-2.185063e-04 5.472641e-02 2.924999e+00 4.450000e+00
-6.750695e-04 7.667343e-02 2.924999e+00 4.550000e+00
2.273839e-01 1.311484e-01 2.924999e+00 4.650000e+00
7.192149e-02 7.171253e-02 2.924999e+00 4.750000e+00
6.807686e-02 1.179228e-01 2.924999e+00 4.850000e+00
1.291255e-01 7.881044e-02 2.924999e+00 4.950000e+00
6.181600e-02 1.073626e-01 2.924999e+00 5.050000e+00
6.247902e-02 9.984590e-02 2.924999e+00 5.150000e+00
-9.669885e-02 1.176717e-01 2.924999e+00 5.250000e+00
-9.866657e-02 9.880499e-02 2.924999e+00 5.350000e+00
1.854264e-01 1.064414e-01 2.924999e+00 5.450000e+00
3.057936e-02 8.763247e-02 2.924999e+00 5.550000e+00
2.579033e-01 1.287996e-01 2.924999e+00 5.650000e+00
-6.521391e-02 6.468881e-02 2.924999e+00 5.750000e+00
8.303496e-02 1.322867e-01 2.924999e+00 5.850000e+00
1.016382e-01 1.469761e-01 2.924999e+00 5.950000e+00
9.219359e-02 2.181248e-01 2.924999e+00 6.050000e+00
9.327596e-02 3.104353e-01 2.924999e+00 6.150000e+00
-1.781857e+00 1.259963e+00 2.924999e+00 6.250000e+00
nan nan 2.924999e+00 6.350000e+00
nan nan 2.924999e+00 6.450000e+00
nan nan 2.924999e+00 6.550000e+00
nan nan 2.924999e+00 6.650000e+00
nan nan 2.924999e+00 6.750000e+00
nan nan 2.924999e+00 6.850000e+00
nan nan 2.924999e+00 6.950000e+00
2.329537e+01 1.178100e+00 2.974999e+00 5.000000e-02
6.351407e+00 6.212687e-01 2.974999e+00 1.500000e-01
1.186108e+00 2.994098e-01 2.974999e+00 2.500000e-01
3.094127e-01 1.638276e-01 2.974999e+00 3.500000e-01
5.688218e-01 1.798775e-01 2.974999e+00 4.500000e-01
3.027033e-01 1.353733e-01 2.974999e+00 5.500000e-01
5.797048e-02 5.797048e-02 2.974999e+00 6.500000e-01
5.392474e-02 5.392474e-02 2.974999e+00 7.500000e-01
1.633286e-01 9.429808e-02 2.974999e+00 8.500000e-01
4.834255e-02 4.834256e-02 2.974999e+00 9.500000e-01
1.833911e-01 1.121900e-01 2.974999e+00 1.050000e+00
1.379798e-01 7.966295e-02 2.974999e+00 1.150000e+00
8.291381e-02 8.281158e-02 2.974999e+00 1.250000e+00
4.068995e-02 7.062155e-02 2.974999e+00 1.350000e+00
1.240108e-01 7.159811e-02 2.974999e+00 1.450000e+00
-2.486398e-04 7.844642e-02 2.974999e+00 1.550000e+00
4.065785e-02 9.071893e-02 2.974999e+00 1.650000e+00
5.720606e-05 5.851074e-02 2.974999e+00 1.750000e+00
3.911176e-02 6.761123e-02 2.974999e+00 1.850000e+00
-3.994621e-02 6.914572e-02 2.974999e+00 1.950000e+00
-4.119824e-02 4.119824e-02 2.974999e+00 2.050000e+00
3.968988e-02 6.890960e-02 2.974999e+00 2.150000e+00
7.929596e-02 5.607071e-02 2.974999e+00 2.250000e+00
4.051668e-02 4.051668e-02 2.974999e+00 2.350000e+00
-1.341413e-04 5.601974e-02 2.974999e+00 2.450000e+00
3.839014e-02 3.839013e-02 2.974999e+00 2.550000e+00
-2.482406e-04 5.688276e-02 2.974999e+00 2.650000e+00
2.458863e-01 1.158901e-01 2.974999e+00 2.750000e+00
-4.291134e-04 9.699167e-02 2.974999e+00 2.850000e+00
3.965095e-02 6.878299e-02 2.974999e+00 2.950000e+00
-4.070141e-02 4.070141e-02 2.974999e+00 3.050000e+00
-2.716194e-04 9.999435e-02 2.974999e+00 3.150000e+00
-3.938067e-02 8.879356e-02 2.974999e+00 3.250000e+00
3.948502e-02 1.184070e-01 2.974999e+00 3.350000e+00
2.406327e-01 1.132725e-01 2.974999e+00 3.450000e+00
6.400987e-01 1.696303e-01 2.974999e+00 3.550000e+00
3.516990e-01 1.172335e-01 2.974999e+00 3.650000e+00
3.024387e-01 1.069291e-01 2.974999e+00 3.750000e+00
1.107531e-01 8.264656e-02 2.974999e+00 3.850000e+00
1.485267e-01 7.426381e-02 2.974999e+00 3.950000e+00
7.355146e-02 7.322428e-02 2.974999e+00 4.050000e+00
7.299751e-02 7.280980e-02 2.974999e+00 4.150000e+00
2.537148e-01 9.589552e-02 2.974999e+00 4.250000e+00
7.051380e-02 4.986086e-02 2.974999e+00 4.350000e+00
3.445997e-02 7.901283e-02 2.974999e+00 4.450000e+00
3.574368e-02 3.574368e-02 2.974999e+00 4.550000e+00
1.445345e-01 8.868558e-02 2.974999e+00 4.650000e+00
-7.330047e-02 5.183135e-02 2.974999e+00 4.750000e+00
7.390790e-04 9.132289e-02 2.974999e+00 4.850000e+00
-2.274504e-04 1.291551e-01 2.974999e+00 4.950000e+00
1.426057e-01 1.136614e-01 2.974999e+00 5.050000e+00
3.329762e-02 1.113981e-01 2.974999e+00 5.150000e+00
-3.206501e-02 1.033504e-01 2.974999e+00 5.250000e+00
3.122748e-01 1.166826e-01 2.974999e+00 5.350000e+00
-9.753788e-02 1.067681e-01 2.974999e+00 5.450000e+00
-5.397737e-04 1.036008e-01 2.974999e+00 5.550000e+00
1.807774e-01 1.207430e-01 2.974999e+00 5.650000e+00
-5.964792e-02 9.497565e-02 2.974999e+00 5.750000e+00
2.327857e-01 1.206434e-01 2.974999e+00 5.850000e+00
2.468957e-01 1.238647e-01 2.974999e+00 5.950000e+00
3.861387e-02 1.449333e-01 2.974999e+00 6.050000e+00
2.575959e-01 2.697772e-01 2.974999e+00 6.150000e+00
-6.390128e-01 4.804495e-01 2.974999e+00 6.250000e+00
nan nan 2.974999e+00 6.350000e+00
nan nan 2.974999e+00 6.450000e+00
nan nan 2.974999e+00 6.550000e+00
nan nan 2.974999e+00 6.650000e+00
nan nan 2.974999e+00 6.750000e+00
nan nan 2.974999e+00 6.850000e+00
nan nan 2.974999e+00 6.950000e+00
