# Intensity Error [-0.333H,0.167H,0] DeltaE
#  shape: 20x70
3.808529e+01 1.282401e+00 2.500000e-02 5.000000e-02
8.691253e+00 6.130346e-01 2.500000e-02 1.500000e-01
1.637480e+00 2.692008e-01 2.500000e-02 2.500000e-01
8.130087e-01 1.865173e-01 2.500000e-02 3.500000e-01
7.121784e-01 1.780449e-01 2.500000e-02 4.500000e-01
3.432277e-01 1.357506e-01 2.500000e-02 5.500000e-01
1.753476e-01 8.767382e-02 2.500000e-02 6.500000e-01
4.338968e-02 7.547959e-02 2.500000e-02 7.500000e-01
8.462487e-02 5.983893e-02 2.500000e-02 8.500000e-01
9.217641e-02 6.517864e-02 2.500000e-02 9.500000e-01
1.191406e-01 6.878586e-02 2.500000e-02 1.050000e+00
1.390936e-01 8.030572e-02 2.500000e-02 1.150000e+00
3.909554e-02 3.909554e-02 2.500000e-02 1.250000e+00
0.000000e+00 0.000000e+00 2.500000e-02 1.350000e+00
7.919160e-02 5.599700e-02 2.500000e-02 1.450000e+00
1.728181e-01 1.057580e-01 2.500000e-02 1.550000e+00
1.214139e-01 7.009851e-02 2.500000e-02 1.650000e+00
1.664765e-01 8.323848e-02 2.500000e-02 1.750000e+00
8.176173e-02 5.781428e-02 2.500000e-02 1.850000e+00
2.026946e-01 1.072990e-01 2.500000e-02 1.950000e+00
8.190147e-02 5.791324e-02 2.500000e-02 2.050000e+00
1.170299e-01 8.730847e-02 2.500000e-02 2.150000e+00
1.634640e-01 8.173206e-02 2.500000e-02 2.250000e+00
3.819874e-01 1.207957e-01 2.500000e-02 2.350000e+00
4.740108e-01 1.368356e-01 2.500000e-02 2.450000e+00
1.035265e+00 1.992375e-01 2.500000e-02 2.550000e+00
6.942683e-01 1.636411e-01 2.500000e-02 2.650000e+00
5.060084e-01 1.403423e-01 2.500000e-02 2.750000e+00
3.427653e-01 1.264456e-01 2.500000e-02 2.850000e+00
5.028660e-01 1.394706e-01 2.500000e-02 2.950000e+00
1.488548e-01 1.052608e-01 2.500000e-02 3.050000e+00
2.177625e-01 1.027482e-01 2.500000e-02 3.150000e+00
5.069085e-01 1.354776e-01 2.500000e-02 3.250000e+00
9.749636e-01 1.842521e-01 2.500000e-02 3.350000e+00
4.078699e-01 1.358913e-01 2.500000e-02 3.450000e+00
3.046857e-01 1.123504e-01 2.500000e-02 3.550000e+00
1.902884e-01 7.768516e-02 2.500000e-02 3.650000e+00
3.068658e-02 6.844103e-02 2.500000e-02 3.750000e+00
4.028846e-01 1.151751e-01 2.500000e-02 3.850000e+00
1.378683e-01 8.277358e-02 2.500000e-02 3.950000e+00
3.000335e-01 9.363963e-02 2.500000e-02 4.050000e+00
3.556930e-01 8.892380e-02 2.500000e-02 4.150000e+00
1.783916e-01 7.668156e-02 2.500000e-02 4.250000e+00
1.877616e-01 9.105786e-02 2.500000e-02 4.350000e+00
4.222329e-05 8.730200e-02 2.500000e-02 4.450000e+00
2.159408e-01 7.634813e-02 2.500000e-02 4.550000e+00
1.001585e-01 1.190835e-01 2.500000e-02 4.650000e+00
2.105663e-01 1.258884e-01 2.500000e-02 4.750000e+00
3.385932e-01 1.788484e-01 2.500000e-02 4.850000e+00
-2.633025e-01 2.633025e-01 2.500000e-02 4.950000e+00
nan nan 2.500000e-02 5.050000e+00
nan nan 2.500000e-02 5.150000e+00
nan nan 2.500000e-02 5.250000e+00
nan nan 2.500000e-02 5.350000e+00
nan nan 2.500000e-02 5.450000e+00
nan nan 2.500000e-02 5.550000e+00
nan nan 2.500000e-02 5.650000e+00
nan nan 2.500000e-02 5.750000e+00
nan nan 2.500000e-02 5.850000e+00
nan nan 2.500000e-02 5.950000e+00
nan nan 2.500000e-02 6.050000e+00
nan nan 2.500000e-02 6.150000e+00
nan nan 2.500000e-02 6.250000e+00
nan nan 2.500000e-02 6.350000e+00
nan nan 2.500000e-02 6.450000e+00
nan nan 2.500000e-02 6.550000e+00
nan nan 2.500000e-02 6.650000e+00
nan nan 2.500000e-02 6.750000e+00
nan nan 2.500000e-02 6.850000e+00
nan nan 2.500000e-02 6.950000e+00
3.753402e+01 1.301252e+00 7.500000e-02 5.000000e-02
8.733969e+00 6.070149e-01 7.500000e-02 1.500000e-01
9.764353e-01 2.130759e-01 7.500000e-02 2.500000e-01
6.200354e-01 1.600928e-01 7.500000e-02 3.500000e-01
2.840943e-01 1.338160e-01 7.500000e-02 4.500000e-01
5.270486e-01 1.461772e-01 7.500000e-02 5.500000e-01
9.311623e-02 9.346520e-02 7.500000e-02 6.500000e-01
8.095396e-02 8.114147e-02 7.500000e-02 7.500000e-01
9.231585e-02 6.527731e-02 7.500000e-02 8.500000e-01
4.084977e-02 7.109940e-02 7.500000e-02 9.500000e-01
4.567957e-05 6.328838e-02 7.500000e-02 1.050000e+00
8.582250e-02 6.068577e-02 7.500000e-02 1.150000e+00
0.000000e+00 0.000000e+00 7.500000e-02 1.250000e+00
1.753662e-01 8.768335e-02 7.500000e-02 1.350000e+00
4.047388e-02 4.047388e-02 7.500000e-02 1.450000e+00
8.682685e-02 6.139610e-02 7.500000e-02 1.550000e+00
-4.016736e-02 6.934338e-02 7.500000e-02 1.650000e+00
2.986624e-01 1.128842e-01 7.500000e-02 1.750000e+00
1.193775e-01 6.892268e-02 7.500000e-02 1.850000e+00
4.212229e-02 9.406495e-02 7.500000e-02 1.950000e+00
7.852404e-02 5.552489e-02 7.500000e-02 2.050000e+00
3.252027e-01 1.149769e-01 7.500000e-02 2.150000e+00
3.982385e-02 8.807354e-02 7.500000e-02 2.250000e+00
4.270253e-01 1.287535e-01 7.500000e-02 2.350000e+00
8.665649e-01 1.847526e-01 7.500000e-02 2.450000e+00
7.259513e-01 1.665455e-01 7.500000e-02 2.550000e+00
5.135582e-01 1.721859e-01 7.500000e-02 2.650000e+00
1.522804e-01 7.614058e-02 7.500000e-02 2.750000e+00
2.309817e-01 9.429846e-02 7.500000e-02 2.850000e+00
2.313187e-01 1.217781e-01 7.500000e-02 2.950000e+00
2.599230e-01 9.824227e-02 7.500000e-02 3.050000e+00
7.060968e-01 1.619905e-01 7.500000e-02 3.150000e+00
6.458862e-01 1.522375e-01 7.500000e-02 3.250000e+00
6.615207e-01 1.670455e-01 7.500000e-02 3.350000e+00
4.154549e-01 1.296429e-01 7.500000e-02 3.450000e+00
1.341832e-01 8.220959e-02 7.500000e-02 3.550000e+00
1.903331e-01 8.969828e-02 7.500000e-02 3.650000e+00
3.680129e-01 1.062371e-01 7.500000e-02 3.750000e+00
1.736339e-01 9.154908e-02 7.500000e-02 3.850000e+00
1.652724e-01 8.740630e-02 7.500000e-02 3.950000e+00
2.007200e-01 7.096556e-02 7.500000e-02 4.050000e+00
1.790426e-01 8.369716e-02 7.500000e-02 4.150000e+00
3.587218e-01 9.356760e-02 7.500000e-02 4.250000e+00
1.864357e-01 8.034570e-02 7.500000e-02 4.350000e+00
4.595138e-02 9.362174e-02 7.500000e-02 4.450000e+00
3.216587e-01 9.285595e-02 7.500000e-02 4.550000e+00
1.942727e-01 1.213487e-01 7.500000e-02 4.650000e+00
2.948061e-01 1.393384e-01 7.500000e-02 4.750000e+00
1.293666e-01 1.841404e-01 7.500000e-02 4.850000e+00
9.246348e-01 4.623185e-01 7.500000e-02 4.950000e+00
nan nan 7.500000e-02 5.050000e+00
nan nan 7.500000e-02 5.150000e+00
nan nan 7.500000e-02 5.250000e+00
nan nan 7.500000e-02 5.350000e+00
nan nan 7.500000e-02 5.450000e+00
nan nan 7.500000e-02 5.550000e+00
nan nan 7.500000e-02 5.650000e+00
nan nan 7.500000e-02 5.750000e+00
nan nan 7.500000e-02 5.850000e+00
nan nan 7.500000e-02 5.950000e+00
nan nan 7.500000e-02 6.050000e+00
nan nan 7.500000e-02 6.150000e+00
nan nan 7.500000e-02 6.250000e+00
nan nan 7.500000e-02 6.350000e+00
nan nan 7.500000e-02 6.450000e+00
nan nan 7.500000e-02 6.550000e+00
nan nan 7.500000e-02 6.650000e+00
nan nan 7.500000e-02 6.750000e+00
nan nan 7.500000e-02 6.850000e+00
nan nan 7.500000e-02 6.950000e+00
3.637896e+01 1.274301e+00 1.250000e-01 5.000000e-02
8.011731e+00 5.874494e-01 1.250000e-01 1.500000e-01
1.360594e+00 2.484096e-01 1.250000e-01 2.500000e-01
7.265386e-01 1.762120e-01 1.250000e-01 3.500000e-01
4.691406e-01 1.483555e-01 1.250000e-01 4.500000e-01
3.290030e-01 1.163203e-01 1.250000e-01 5.500000e-01
2.389260e-01 1.068510e-01 1.250000e-01 6.500000e-01
3.203930e-01 1.132762e-01 1.250000e-01 7.500000e-01
1.897615e-01 9.488083e-02 1.250000e-01 8.500000e-01
4.007836e-02 4.007836e-02 1.250000e-01 9.500000e-01
4.668506e-02 4.668506e-02 1.250000e-01 1.050000e+00
4.038091e-02 4.038091e-02 1.250000e-01 1.150000e+00
1.795118e-01 1.099155e-01 1.250000e-01 1.250000e+00
1.647063e-01 8.235333e-02 1.250000e-01 1.350000e+00
8.586361e-02 6.071475e-02 1.250000e-01 1.450000e+00
1.242112e-01 9.271343e-02 1.250000e-01 1.550000e+00
-1.352487e-05 5.968005e-02 1.250000e-01 1.650000e+00
2.475024e-01 1.010427e-01 1.250000e-01 1.750000e+00
-6.548992e-05 5.786414e-02 1.250000e-01 1.850000e+00
1.251586e-01 9.327026e-02 1.250000e-01 1.950000e+00
7.918442e-02 7.920626e-02 1.250000e-01 2.050000e+00
1.240759e-01 7.163531e-02 1.250000e-01 2.150000e+00
1.546578e-01 9.482278e-02 1.250000e-01 2.250000e+00
1.201798e-01 6.938593e-02 1.250000e-01 2.350000e+00
6.135068e-01 1.625993e-01 1.250000e-01 2.450000e+00
7.062372e-01 1.754995e-01 1.250000e-01 2.550000e+00
9.333273e-01 1.905155e-01 1.250000e-01 2.650000e+00
4.984915e-01 1.382574e-01 1.250000e-01 2.750000e+00
3.520386e-01 1.411869e-01 1.250000e-01 2.850000e+00
1.132578e-01 9.996206e-02 1.250000e-01 2.950000e+00
7.628102e-02 7.610861e-02 1.250000e-01 3.050000e+00
4.423242e-01 1.276885e-01 1.250000e-01 3.150000e+00
3.206381e-01 1.068800e-01 1.250000e-01 3.250000e+00
3.895501e-01 1.277384e-01 1.250000e-01 3.350000e+00
3.817935e-01 1.343768e-01 1.250000e-01 3.450000e+00
1.989516e-01 1.245356e-01 1.250000e-01 3.550000e+00
2.587557e-01 9.148450e-02 1.250000e-01 3.650000e+00
2.777956e-01 9.259922e-02 1.250000e-01 3.750000e+00
1.462433e-01 9.692756e-02 1.250000e-01 3.850000e+00
2.745353e-01 9.500759e-02 1.250000e-01 3.950000e+00
1.020127e-01 6.256243e-02 1.250000e-01 4.050000e+00
1.356258e-01 6.378859e-02 1.250000e-01 4.150000e+00
2.002629e-02 5.306602e-02 1.250000e-01 4.250000e+00
1.237423e-01 5.823765e-02 1.250000e-01 4.350000e+00
1.874192e-01 6.626326e-02 1.250000e-01 4.450000e+00
2.639488e-02 7.986204e-02 1.250000e-01 4.550000e+00
1.592964e-01 8.421234e-02 1.250000e-01 4.650000e+00
1.247534e-01 1.243569e-01 1.250000e-01 4.750000e+00
4.482423e-01 1.694236e-01 1.250000e-01 4.850000e+00
0.000000e+00 0.000000e+00 1.250000e-01 4.950000e+00
nan nan 1.250000e-01 5.050000e+00
nan nan 1.250000e-01 5.150000e+00
nan nan 1.250000e-01 5.250000e+00
nan nan 1.250000e-01 5.350000e+00
nan nan 1.250000e-01 5.450000e+00
nan nan 1.250000e-01 5.550000e+00
nan nan 1.250000e-01 5.650000e+00
nan nan 1.250000e-01 5.750000e+00
nan nan 1.250000e-01 5.850000e+00
nan nan 1.250000e-01 5.950000e+00
nan nan 1.250000e-01 6.050000e+00
nan nan 1.250000e-01 6.150000e+00
nan nan 1.250000e-01 6.250000e+00
nan nan 1.250000e-01 6.350000e+00
nan nan 1.250000e-01 6.450000e+00
nan nan 1.250000e-01 6.550000e+00
nan nan 1.250000e-01 6.650000e+00
nan nan 1.250000e-01 6.750000e+00
nan nan 1.250000e-01 6.850000e+00
nan nan 1.250000e-01 6.950000e+00
3.086022e+01 1.141398e+00 1.750000e-01 5.000000e-02
6.893051e+00 5.704381e-01 1.750000e-01 1.500000e-01
1.010998e+00 2.063694e-01 1.750000e-01 2.500000e-01
7.416371e-01 1.854096e-01 1.750000e-01 3.500000e-01
3.814724e-01 1.271578e-01 1.750000e-01 4.500000e-01
2.301109e-01 1.380255e-01 1.750000e-01 5.500000e-01
2.620450e-01 1.069796e-01 1.750000e-01 6.500000e-01
8.812051e-02 6.231064e-02 1.750000e-01 7.500000e-01
4.495258e-02 4.495258e-02 1.750000e-01 8.500000e-01
1.690909e-01 8.454564e-02 1.750000e-01 9.500000e-01
-4.549519e-02 4.549518e-02 1.750000e-01 1.050000e+00
1.663603e-01 8.318024e-02 1.750000e-01 1.150000e+00
0.000000e+00 0.000000e+00 1.750000e-01 1.250000e+00
2.010430e-04 8.279371e-02 1.750000e-01 1.350000e+00
8.813949e-02 6.232404e-02 1.750000e-01 1.450000e+00
1.637491e-01 8.187461e-02 1.750000e-01 1.550000e+00
4.360121e-02 7.562503e-02 1.750000e-01 1.650000e+00
1.211464e-01 6.994398e-02 1.750000e-01 1.750000e+00
1.283391e-01 7.409664e-02 1.750000e-01 1.850000e+00
8.010674e-02 5.664402e-02 1.750000e-01 1.950000e+00
1.236516e-01 7.139067e-02 1.750000e-01 2.050000e+00
4.052731e-02 6.955228e-02 1.750000e-01 2.150000e+00
2.399251e-01 9.794919e-02 1.750000e-01 2.250000e+00
1.974432e-01 8.829947e-02 1.750000e-01 2.350000e+00
4.271787e-01 1.287996e-01 1.750000e-01 2.450000e+00
2.389222e-01 9.753977e-02 1.750000e-01 2.550000e+00
9.878136e-01 1.937271e-01 1.750000e-01 2.650000e+00
6.258323e-01 1.564589e-01 1.750000e-01 2.750000e+00
3.070794e-01 1.085695e-01 1.750000e-01 2.850000e+00
4.616424e-01 1.440040e-01 1.750000e-01 2.950000e+00
3.454375e-01 1.271848e-01 1.750000e-01 3.050000e+00
1.457180e-01 8.911686e-02 1.750000e-01 3.150000e+00
5.114889e-01 1.461086e-01 1.750000e-01 3.250000e+00
7.788356e-01 1.660494e-01 1.750000e-01 3.350000e+00
4.493601e-01 1.339121e-01 1.750000e-01 3.450000e+00
4.036089e-01 1.165123e-01 1.750000e-01 3.550000e+00
4.593672e-01 1.312739e-01 1.750000e-01 3.650000e+00
9.221269e-02 8.153029e-02 1.750000e-01 3.750000e+00
2.357201e-01 1.253404e-01 1.750000e-01 3.850000e+00
-2.783596e-02 7.316330e-02 1.750000e-01 3.950000e+00
3.119221e-01 1.039558e-01 1.750000e-01 4.050000e+00
1.596894e-01 8.848623e-02 1.750000e-01 4.150000e+00
1.631675e-01 7.079340e-02 1.750000e-01 4.250000e+00
1.013859e-01 7.875979e-02 1.750000e-01 4.350000e+00
1.369129e-01 8.581190e-02 1.750000e-01 4.450000e+00
1.854193e-01 9.567924e-02 1.750000e-01 4.550000e+00
1.868943e-01 9.871742e-02 1.750000e-01 4.650000e+00
1.199124e-01 1.059757e-01 1.750000e-01 4.750000e+00
1.860662e-01 1.074286e-01 1.750000e-01 4.850000e+00
0.000000e+00 0.000000e+00 1.750000e-01 4.950000e+00
0.000000e+00 0.000000e+00 1.750000e-01 5.050000e+00
nan nan 1.750000e-01 5.150000e+00
nan nan 1.750000e-01 5.250000e+00
nan nan 1.750000e-01 5.350000e+00
nan nan 1.750000e-01 5.450000e+00
nan nan 1.750000e-01 5.550000e+00
nan nan 1.750000e-01 5.650000e+00
nan nan 1.750000e-01 5.750000e+00
nan nan 1.750000e-01 5.850000e+00
nan nan 1.750000e-01 5.950000e+00
nan nan 1.750000e-01 6.050000e+00
nan nan 1.750000e-01 6.150000e+00
nan nan 1.750000e-01 6.250000e+00
nan nan 1.750000e-01 6.350000e+00
nan nan 1.750000e-01 6.450000e+00
nan nan 1.750000e-01 6.550000e+00
nan nan 1.750000e-01 6.650000e+00
nan nan 1.750000e-01 6.750000e+00
nan nan 1.750000e-01 6.850000e+00
nan nan 1.750000e-01 6.950000e+00
3.367882e+01 1.181170e+00 2.250000e-01 5.000000e-02
8.703546e+00 6.487250e-01 2.250000e-01 1.500000e-01
1.570502e+00 2.547695e-01 2.250000e-01 2.500000e-01
5.346346e-01 1.611989e-01 2.250000e-01 3.500000e-01
4.120992e-01 1.303175e-01 2.250000e-01 4.500000e-01
3.865700e-01 1.366734e-01 2.250000e-01 5.500000e-01
2.070161e-01 9.258047e-02 2.250000e-01 6.500000e-01
-1.829811e-04 6.733930e-02 2.250000e-01 7.500000e-01
1.260568e-01 7.277907e-02 2.250000e-01 8.500000e-01
4.614987e-02 4.614987e-02 2.250000e-01 9.500000e-01
4.262620e-02 4.262621e-02 2.250000e-01 1.050000e+00
8.934303e-02 6.317512e-02 2.250000e-01 1.150000e+00
1.988971e-04 6.043870e-02 2.250000e-01 1.250000e+00
4.397825e-02 7.630241e-02 2.250000e-01 1.350000e+00
4.228421e-02 4.228421e-02 2.250000e-01 1.450000e+00
4.332979e-02 4.332979e-02 2.250000e-01 1.550000e+00
8.405468e-02 8.426091e-02 2.250000e-01 1.650000e+00
-1.640048e-04 5.929933e-02 2.250000e-01 1.750000e+00
-4.224682e-02 4.224682e-02 2.250000e-01 1.850000e+00
2.286427e-05 8.084925e-02 2.250000e-01 1.950000e+00
1.666283e-01 8.331443e-02 2.250000e-01 2.050000e+00
1.996729e-01 1.196859e-01 2.250000e-01 2.150000e+00
4.086762e-02 4.086762e-02 2.250000e-01 2.250000e+00
7.841202e-02 5.544567e-02 2.250000e-01 2.350000e+00
4.819959e-01 1.391406e-01 2.250000e-01 2.450000e+00
4.635556e-01 1.445335e-01 2.250000e-01 2.550000e+00
8.525150e-01 1.817575e-01 2.250000e-01 2.650000e+00
5.081879e-01 1.513334e-01 2.250000e-01 2.750000e+00
3.420765e-01 1.140261e-01 2.250000e-01 2.850000e+00
2.367012e-01 1.246268e-01 2.250000e-01 2.950000e+00
3.386835e-01 1.247553e-01 2.250000e-01 3.050000e+00
4.446341e-01 1.387831e-01 2.250000e-01 3.150000e+00
3.314374e-01 1.220387e-01 2.250000e-01 3.250000e+00
6.672032e-01 1.608707e-01 2.250000e-01 3.350000e+00
5.250069e-01 1.355571e-01 2.250000e-01 3.450000e+00
3.412379e-01 1.079092e-01 2.250000e-01 3.550000e+00
4.916633e-01 1.351783e-01 2.250000e-01 3.650000e+00
1.554212e-01 8.233689e-02 2.250000e-01 3.750000e+00
2.095169e-01 7.919047e-02 2.250000e-01 3.850000e+00
1.977373e-01 8.476664e-02 2.250000e-01 3.950000e+00
3.131153e-01 1.042249e-01 2.250000e-01 4.050000e+00
2.566510e-01 8.406572e-02 2.250000e-01 4.150000e+00
1.450379e-01 7.465100e-02 2.250000e-01 4.250000e+00
4.042315e-02 6.395297e-02 2.250000e-01 4.350000e+00
2.471020e-01 8.103458e-02 2.250000e-01 4.450000e+00
2.611382e-02 7.805301e-02 2.250000e-01 4.550000e+00
1.242915e-01 8.733054e-02 2.250000e-01 4.650000e+00
5.412459e-01 1.446562e-01 2.250000e-01 4.750000e+00
1.708269e-01 9.862812e-02 2.250000e-01 4.850000e+00
1.515476e-01 1.515476e-01 2.250000e-01 4.950000e+00
0.000000e+00 0.000000e+00 2.250000e-01 5.050000e+00
nan nan 2.250000e-01 5.150000e+00
nan nan 2.250000e-01 5.250000e+00
nan nan 2.250000e-01 5.350000e+00
nan nan 2.250000e-01 5.450000e+00
nan nan 2.250000e-01 5.550000e+00
nan nan 2.250000e-01 5.650000e+00
nan nan 2.250000e-01 5.750000e+00
nan nan 2.250000e-01 5.850000e+00
nan nan 2.250000e-01 5.950000e+00
nan nan 2.250000e-01 6.050000e+00
nan nan 2.250000e-01 6.150000e+00
nan nan 2.250000e-01 6.250000e+00
nan nan 2.250000e-01 6.350000e+00
nan nan 2.250000e-01 6.450000e+00
nan nan 2.250000e-01 6.550000e+00
nan nan 2.250000e-01 6.650000e+00
nan nan 2.250000e-01 6.750000e+00
nan nan 2.250000e-01 6.850000e+00
nan nan 2.250000e-01 6.950000e+00
2.816237e+01 1.117583e+00 2.750000e-01 5.000000e-02
7.098892e+00 5.796229e-01 2.750000e-01 1.500000e-01
1.374703e+00 2.430160e-01 2.750000e-01 2.500000e-01
6.247737e-01 1.862404e-01 2.750000e-01 3.500000e-01
6.318281e-01 1.631376e-01 2.750000e-01 4.500000e-01
4.343195e-01 1.599394e-01 2.750000e-01 5.500000e-01
8.343068e-02 5.899442e-02 2.750000e-01 6.500000e-01
1.433647e-01 8.277198e-02 2.750000e-01 7.500000e-01
1.258990e-01 9.395996e-02 2.750000e-01 8.500000e-01
9.299717e-02 1.136330e-01 2.750000e-01 9.500000e-01
4.241872e-02 4.241872e-02 2.750000e-01 1.050000e+00
9.079939e-02 6.420488e-02 2.750000e-01 1.150000e+00
1.270163e-01 7.333292e-02 2.750000e-01 1.250000e+00
0.000000e+00 0.000000e+00 2.750000e-01 1.350000e+00
1.260430e-01 7.277122e-02 2.750000e-01 1.450000e+00
4.474364e-02 7.736207e-02 2.750000e-01 1.550000e+00
1.238968e-01 9.236488e-02 2.750000e-01 1.650000e+00
4.352594e-02 7.543499e-02 2.750000e-01 1.750000e+00
6.912294e-05 8.205295e-02 2.750000e-01 1.850000e+00
4.239814e-02 7.336699e-02 2.750000e-01 1.950000e+00
8.158120e-02 5.768669e-02 2.750000e-01 2.050000e+00
1.663642e-01 8.318236e-02 2.750000e-01 2.150000e+00
1.601312e-01 8.006582e-02 2.750000e-01 2.250000e+00
1.211224e-01 6.993009e-02 2.750000e-01 2.350000e+00
1.194983e-01 6.899254e-02 2.750000e-01 2.450000e+00
5.420276e-01 1.548195e-01 2.750000e-01 2.550000e+00
4.371867e-01 1.540049e-01 2.750000e-01 2.650000e+00
5.377675e-01 1.629123e-01 2.750000e-01 2.750000e+00
1.947847e-01 8.711077e-02 2.750000e-01 2.850000e+00
2.697868e-01 1.277900e-01 2.750000e-01 2.950000e+00
2.277926e-01 1.074833e-01 2.750000e-01 3.050000e+00
3.881240e-02 8.593765e-02 2.750000e-01 3.150000e+00
3.257271e-01 1.198738e-01 2.750000e-01 3.250000e+00
8.666159e-01 1.841239e-01 2.750000e-01 3.350000e+00
3.175712e-01 1.171013e-01 2.750000e-01 3.450000e+00
3.743145e-01 1.226370e-01 2.750000e-01 3.550000e+00
3.296431e-01 1.142309e-01 2.750000e-01 3.650000e+00
1.914146e-01 9.026323e-02 2.750000e-01 3.750000e+00
3.011148e-01 9.522169e-02 2.750000e-01 3.850000e+00
2.292559e-01 9.922079e-02 2.750000e-01 3.950000e+00
1.836761e-01 1.083716e-01 2.750000e-01 4.050000e+00
3.166402e-01 1.116481e-01 2.750000e-01 4.150000e+00
2.306530e-01 7.551194e-02 2.750000e-01 4.250000e+00
1.810510e-01 8.290461e-02 2.750000e-01 4.350000e+00
8.858387e-02 7.676215e-02 2.750000e-01 4.450000e+00
9.939979e-02 7.926654e-02 2.750000e-01 4.550000e+00
1.210841e-01 1.046851e-01 2.750000e-01 4.650000e+00
1.867844e-01 1.119973e-01 2.750000e-01 4.750000e+00
3.980373e-04 1.280269e-01 2.750000e-01 4.850000e+00
1.168113e-01 1.168113e-01 2.750000e-01 4.950000e+00
0.000000e+00 0.000000e+00 2.750000e-01 5.050000e+00
nan nan 2.750000e-01 5.150000e+00
nan nan 2.750000e-01 5.250000e+00
nan nan 2.750000e-01 5.350000e+00
nan nan 2.750000e-01 5.450000e+00
nan nan 2.750000e-01 5.550000e+00
nan nan 2.750000e-01 5.650000e+00
nan nan 2.750000e-01 5.750000e+00
nan nan 2.750000e-01 5.850000e+00
nan nan 2.750000e-01 5.950000e+00
nan nan 2.750000e-01 6.050000e+00
nan nan 2.750000e-01 6.150000e+00
nan nan 2.750000e-01 6.250000e+00
nan nan 2.750000e-01 6.350000e+00
nan nan 2.750000e-01 6.450000e+00
nan nan 2.750000e-01 6.550000e+00
nan nan 2.750000e-01 6.650000e+00
nan nan 2.750000e-01 6.750000e+00
nan nan 2.750000e-01 6.850000e+00
nan nan 2.750000e-01 6.950000e+00
2.537302e+01 1.111614e+00 3.250000e-01 5.000000e-02
7.063771e+00 5.499145e-01 3.250000e-01 1.500000e-01
1.305185e+00 2.511834e-01 3.250000e-01 2.500000e-01
6.950304e-01 1.843504e-01 3.250000e-01 3.500000e-01
2.357654e-01 1.054378e-01 3.250000e-01 4.500000e-01
3.065662e-01 1.313577e-01 3.250000e-01 5.500000e-01
1.836793e-01 9.183968e-02 3.250000e-01 6.500000e-01
8.778488e-02 6.207330e-02 3.250000e-01 7.500000e-01
2.249912e-01 1.006193e-01 3.250000e-01 8.500000e-01
8.800832e-02 6.223130e-02 3.250000e-01 9.500000e-01
-4.488058e-02 4.488059e-02 3.250000e-01 1.050000e+00
4.341518e-02 4.341519e-02 3.250000e-01 1.150000e+00
4.473171e-02 4.473171e-02 3.250000e-01 1.250000e+00
8.570472e-02 6.060250e-02 3.250000e-01 1.350000e+00
8.922626e-02 8.906280e-02 3.250000e-01 1.450000e+00
2.150810e-01 9.618734e-02 3.250000e-01 1.550000e+00
2.152924e-01 9.628196e-02 3.250000e-01 1.650000e+00
4.290908e-02 4.290908e-02 3.250000e-01 1.750000e+00
8.431443e-02 5.961930e-02 3.250000e-01 1.850000e+00
4.219028e-02 9.374618e-02 3.250000e-01 1.950000e+00
1.434575e-04 5.909647e-02 3.250000e-01 2.050000e+00
1.243290e-01 7.178148e-02 3.250000e-01 2.150000e+00
1.214032e-01 7.009252e-02 3.250000e-01 2.250000e+00
2.492166e-01 1.173464e-01 3.250000e-01 2.350000e+00
1.966066e-01 8.792547e-02 3.250000e-01 2.450000e+00
4.382597e-01 1.321409e-01 3.250000e-01 2.550000e+00
4.657802e-01 1.344598e-01 3.250000e-01 2.650000e+00
5.891252e-01 1.521122e-01 3.250000e-01 2.750000e+00
1.943674e-01 8.692408e-02 3.250000e-01 2.850000e+00
1.534202e-01 9.389101e-02 3.250000e-01 2.950000e+00
3.120110e-01 1.103130e-01 3.250000e-01 3.050000e+00
7.572517e-02 7.597549e-02 3.250000e-01 3.150000e+00
3.309523e-01 1.219131e-01 3.250000e-01 3.250000e+00
5.163890e-01 1.474124e-01 3.250000e-01 3.350000e+00
5.204223e-01 1.431308e-01 3.250000e-01 3.450000e+00
3.149084e-01 1.049704e-01 3.250000e-01 3.550000e+00
3.695022e-01 1.210953e-01 3.250000e-01 3.650000e+00
4.509399e-01 1.205196e-01 3.250000e-01 3.750000e+00
1.519924e-01 1.006062e-01 3.250000e-01 3.850000e+00
2.628633e-01 1.130928e-01 3.250000e-01 3.950000e+00
1.090261e-01 6.695586e-02 3.250000e-01 4.050000e+00
4.979535e-02 6.994626e-02 3.250000e-01 4.150000e+00
1.514474e-01 7.790766e-02 3.250000e-01 4.250000e+00
2.371694e-01 7.911660e-02 3.250000e-01 4.350000e+00
2.178911e-01 7.550490e-02 3.250000e-01 4.450000e+00
1.472612e-01 6.934712e-02 3.250000e-01 4.550000e+00
1.717863e-01 7.013240e-02 3.250000e-01 4.650000e+00
3.561242e-02 9.525627e-02 3.250000e-01 4.750000e+00
1.463469e-01 1.096578e-01 3.250000e-01 4.850000e+00
9.376651e-02 1.640511e-01 3.250000e-01 4.950000e+00
7.902196e-01 7.902196e-01 3.250000e-01 5.050000e+00
nan nan 3.250000e-01 5.150000e+00
nan nan 3.250000e-01 5.250000e+00
nan nan 3.250000e-01 5.350000e+00
nan nan 3.250000e-01 5.450000e+00
nan nan 3.250000e-01 5.550000e+00
nan nan 3.250000e-01 5.650000e+00
nan nan 3.250000e-01 5.750000e+00
nan nan 3.250000e-01 5.850000e+00
nan nan 3.250000e-01 5.950000e+00
nan nan 3.250000e-01 6.050000e+00
nan nan 3.250000e-01 6.150000e+00
nan nan 3.250000e-01 6.250000e+00
nan nan 3.250000e-01 6.350000e+00
nan nan 3.250000e-01 6.450000e+00
nan nan 3.250000e-01 6.550000e+00
nan nan 3.250000e-01 6.650000e+00
nan nan 3.250000e-01 6.750000e+00
nan nan 3.250000e-01 6.850000e+00
nan nan 3.250000e-01 6.950000e+00
2.651452e+01 1.161624e+00 3.750000e-01 5.000000e-02
6.225530e+00 5.083132e-01 3.750000e-01 1.500000e-01
1.928377e+00 3.128246e-01 3.750000e-01 2.500000e-01
1.076897e+00 2.111970e-01 3.750000e-01 3.500000e-01
4.464922e-01 1.488308e-01 3.750000e-01 4.500000e-01
4.207938e-01 1.457640e-01 3.750000e-01 5.500000e-01
9.603905e-02 6.790986e-02 3.750000e-01 6.500000e-01
2.131517e-01 9.532447e-02 3.750000e-01 7.500000e-01
0.000000e+00 0.000000e+00 3.750000e-01 8.500000e-01
1.292521e-01 7.462381e-02 3.750000e-01 9.500000e-01
9.205107e-02 6.508997e-02 3.750000e-01 1.050000e+00
4.328622e-02 4.328622e-02 3.750000e-01 1.150000e+00
0.000000e+00 0.000000e+00 3.750000e-01 1.250000e+00
8.554175e-02 6.048723e-02 3.750000e-01 1.350000e+00
1.345888e-01 7.770500e-02 3.750000e-01 1.450000e+00
4.227998e-02 7.316188e-02 3.750000e-01 1.550000e+00
2.219898e-01 9.927725e-02 3.750000e-01 1.650000e+00
2.114802e-01 9.457713e-02 3.750000e-01 1.750000e+00
8.699896e-02 8.714005e-02 3.750000e-01 1.850000e+00
1.674293e-01 8.371504e-02 3.750000e-01 1.950000e+00
2.164568e-01 9.680259e-02 3.750000e-01 2.050000e+00
3.631760e-06 5.702577e-02 3.750000e-01 2.150000e+00
8.479989e-02 5.996275e-02 3.750000e-01 2.250000e+00
8.056837e-02 5.697068e-02 3.750000e-01 2.350000e+00
1.214438e-01 7.011570e-02 3.750000e-01 2.450000e+00
1.199039e-01 8.939034e-02 3.750000e-01 2.550000e+00
2.357773e-01 1.112649e-01 3.750000e-01 2.650000e+00
4.327307e-01 1.419436e-01 3.750000e-01 2.750000e+00
1.536912e-01 7.684601e-02 3.750000e-01 2.850000e+00
1.971170e-01 1.181890e-01 3.750000e-01 2.950000e+00
2.696208e-01 1.019076e-01 3.750000e-01 3.050000e+00
4.618883e-01 1.333362e-01 3.750000e-01 3.150000e+00
2.652128e-01 1.254087e-01 3.750000e-01 3.250000e+00
5.776308e-01 1.615647e-01 3.750000e-01 3.350000e+00
4.639760e-01 1.471531e-01 3.750000e-01 3.450000e+00
4.599783e-01 1.275757e-01 3.750000e-01 3.550000e+00
4.388209e-01 1.306892e-01 3.750000e-01 3.650000e+00
3.601169e-01 1.179701e-01 3.750000e-01 3.750000e+00
3.762627e-01 1.253779e-01 3.750000e-01 3.850000e+00
4.722811e-01 1.383053e-01 3.750000e-01 3.950000e+00
1.111861e-01 5.559350e-02 3.750000e-01 4.050000e+00
2.448732e-02 6.625712e-02 3.750000e-01 4.150000e+00
9.147394e-02 7.880140e-02 3.750000e-01 4.250000e+00
4.814962e-01 1.061848e-01 3.750000e-01 4.350000e+00
2.100158e-01 7.860884e-02 3.750000e-01 4.450000e+00
9.550944e-02 7.562458e-02 3.750000e-01 4.550000e+00
5.452724e-02 7.797920e-02 3.750000e-01 4.650000e+00
1.349676e-01 6.748462e-02 3.750000e-01 4.750000e+00
2.790974e-01 1.730493e-01 3.750000e-01 4.850000e+00
-4.747896e-04 1.667743e-01 3.750000e-01 4.950000e+00
0.000000e+00 0.000000e+00 3.750000e-01 5.050000e+00
nan nan 3.750000e-01 5.150000e+00
nan nan 3.750000e-01 5.250000e+00
nan nan 3.750000e-01 5.350000e+00
nan nan 3.750000e-01 5.450000e+00
nan nan 3.750000e-01 5.550000e+00
nan nan 3.750000e-01 5.650000e+00
nan nan 3.750000e-01 5.750000e+00
nan nan 3.750000e-01 5.850000e+00
nan nan 3.750000e-01 5.950000e+00
nan nan 3.750000e-01 6.050000e+00
nan nan 3.750000e-01 6.150000e+00
nan nan 3.750000e-01 6.250000e+00
nan nan 3.750000e-01 6.350000e+00
nan nan 3.750000e-01 6.450000e+00
nan nan 3.750000e-01 6.550000e+00
nan nan 3.750000e-01 6.650000e+00
nan nan 3.750000e-01 6.750000e+00
nan nan 3.750000e-01 6.850000e+00
nan nan 3.750000e-01 6.950000e+00
2.499339e+01 1.085645e+00 4.250000e-01 5.000000e-02
6.763110e+00 5.522064e-01 4.250000e-01 1.500000e-01
1.729750e+00 2.843696e-01 4.250000e-01 2.500000e-01
3.601840e-01 1.273446e-01 4.250000e-01 3.500000e-01
2.309682e-01 1.032923e-01 4.250000e-01 4.500000e-01
4.060011e-01 1.353338e-01 4.250000e-01 5.500000e-01
1.412383e-04 6.429209e-02 4.250000e-01 6.500000e-01
9.091292e-02 6.428541e-02 4.250000e-01 7.500000e-01
4.446169e-02 4.446169e-02 4.250000e-01 8.500000e-01
4.560253e-02 4.560253e-02 4.250000e-01 9.500000e-01
8.754041e-02 8.752296e-02 4.250000e-01 1.050000e+00
-8.274546e-05 6.510064e-02 4.250000e-01 1.150000e+00
8.655290e-02 6.120215e-02 4.250000e-01 1.250000e+00
4.508276e-02 4.508276e-02 4.250000e-01 1.350000e+00
-4.304118e-02 4.304118e-02 4.250000e-01 1.450000e+00
4.440671e-02 4.440671e-02 4.250000e-01 1.550000e+00
8.579659e-02 6.066738e-02 4.250000e-01 1.650000e+00
0.000000e+00 0.000000e+00 4.250000e-01 1.750000e+00
1.685857e-01 8.429300e-02 4.250000e-01 1.850000e+00
4.387052e-02 4.387051e-02 4.250000e-01 1.950000e+00
1.247625e-01 7.203171e-02 4.250000e-01 2.050000e+00
8.509328e-02 6.017008e-02 4.250000e-01 2.150000e+00
1.255265e-01 9.360631e-02 4.250000e-01 2.250000e+00
8.115285e-02 5.738383e-02 4.250000e-01 2.350000e+00
8.320580e-02 5.883541e-02 4.250000e-01 2.450000e+00
3.200783e-01 1.131653e-01 4.250000e-01 2.550000e+00
1.625238e-01 9.951500e-02 4.250000e-01 2.650000e+00
-2.768583e-04 9.481238e-02 4.250000e-01 2.750000e+00
2.392626e-01 1.128403e-01 4.250000e-01 2.850000e+00
3.503104e-01 1.167707e-01 4.250000e-01 2.950000e+00
2.314068e-01 9.447210e-02 4.250000e-01 3.050000e+00
2.181636e-04 7.795559e-02 4.250000e-01 3.150000e+00
1.513733e-01 1.309358e-01 4.250000e-01 3.250000e+00
2.231035e-01 1.177199e-01 4.250000e-01 3.350000e+00
2.201978e-01 1.158713e-01 4.250000e-01 3.450000e+00
3.468954e-01 1.299322e-01 4.250000e-01 3.550000e+00
2.760248e-01 1.091703e-01 4.250000e-01 3.650000e+00
3.003242e-01 1.001090e-01 4.250000e-01 3.750000e+00
3.511999e-01 1.058911e-01 4.250000e-01 3.850000e+00
2.985098e-01 1.035353e-01 4.250000e-01 3.950000e+00
1.994284e-01 9.438229e-02 4.250000e-01 4.050000e+00
3.164197e-01 1.055416e-01 4.250000e-01 4.150000e+00
3.292300e-01 9.395840e-02 4.250000e-01 4.250000e+00
2.494092e-01 8.325592e-02 4.250000e-01 4.350000e+00
2.849626e-01 8.637973e-02 4.250000e-01 4.450000e+00
1.620035e-01 8.354413e-02 4.250000e-01 4.550000e+00
1.074047e-01 8.451288e-02 4.250000e-01 4.650000e+00
-6.644086e-04 1.119249e-01 4.250000e-01 4.750000e+00
1.676957e-01 1.194186e-01 4.250000e-01 4.850000e+00
7.083867e-02 1.232673e-01 4.250000e-01 4.950000e+00
-1.148928e-04 4.094633e-01 4.250000e-01 5.050000e+00
nan nan 4.250000e-01 5.150000e+00
nan nan 4.250000e-01 5.250000e+00
nan nan 4.250000e-01 5.350000e+00
nan nan 4.250000e-01 5.450000e+00
nan nan 4.250000e-01 5.550000e+00
nan nan 4.250000e-01 5.650000e+00
nan nan 4.250000e-01 5.750000e+00
nan nan 4.250000e-01 5.850000e+00
nan nan 4.250000e-01 5.950000e+00
nan nan 4.250000e-01 6.050000e+00
nan nan 4.250000e-01 6.150000e+00
nan nan 4.250000e-01 6.250000e+00
nan nan 4.250000e-01 6.350000e+00
nan nan 4.250000e-01 6.450000e+00
nan nan 4.250000e-01 6.550000e+00
nan nan 4.250000e-01 6.650000e+00
nan nan 4.250000e-01 6.750000e+00
nan nan 4.250000e-01 6.850000e+00
nan nan 4.250000e-01 6.950000e+00
2.444813e+01 1.034974e+00 4.750000e-01 5.000000e-02
6.310637e+00 5.599795e-01 4.750000e-01 1.500000e-01
1.253226e+00 2.406212e-01 4.750000e-01 2.500000e-01
1.173322e+00 2.395039e-01 4.750000e-01 3.500000e-01
3.479073e-01 1.230042e-01 4.750000e-01 4.500000e-01
4.307111e-01 1.435706e-01 4.750000e-01 5.500000e-01
1.310512e-01 7.566248e-02 4.750000e-01 6.500000e-01
9.442576e-02 6.676932e-02 4.750000e-01 7.500000e-01
4.403369e-02 7.601341e-02 4.750000e-01 8.500000e-01
4.676059e-02 8.084026e-02 4.750000e-01 9.500000e-01
-4.387316e-02 4.387316e-02 4.750000e-01 1.050000e+00
9.233645e-02 6.529174e-02 4.750000e-01 1.150000e+00
-4.325256e-02 4.325256e-02 4.750000e-01 1.250000e+00
9.083204e-02 6.422797e-02 4.750000e-01 1.350000e+00
-8.693632e-02 6.147343e-02 4.750000e-01 1.450000e+00
0.000000e+00 0.000000e+00 4.750000e-01 1.550000e+00
8.680464e-02 6.138043e-02 4.750000e-01 1.650000e+00
1.759638e-01 8.798198e-02 4.750000e-01 1.750000e+00
3.946249e-04 8.613640e-02 4.750000e-01 1.850000e+00
4.404927e-02 4.404927e-02 4.750000e-01 1.950000e+00
8.387991e-02 5.931206e-02 4.750000e-01 2.050000e+00
4.417796e-02 4.417796e-02 4.750000e-01 2.150000e+00
1.231998e-01 7.112953e-02 4.750000e-01 2.250000e+00
2.129534e-01 1.129003e-01 4.750000e-01 2.350000e+00
1.625731e-01 9.956454e-02 4.750000e-01 2.450000e+00
1.651830e-01 8.259161e-02 4.750000e-01 2.550000e+00
2.384518e-01 9.734786e-02 4.750000e-01 2.650000e+00
2.399142e-01 1.133069e-01 4.750000e-01 2.750000e+00
1.197922e-01 8.936803e-02 4.750000e-01 2.850000e+00
2.300601e-01 9.392188e-02 4.750000e-01 2.950000e+00
2.392415e-01 9.767039e-02 4.750000e-01 3.050000e+00
2.665049e-01 1.007300e-01 4.750000e-01 3.150000e+00
1.564115e-01 7.820602e-02 4.750000e-01 3.250000e+00
1.511710e-01 1.069136e-01 4.750000e-01 3.350000e+00
2.182466e-01 1.028670e-01 4.750000e-01 3.450000e+00
2.505844e-01 9.471251e-02 4.750000e-01 3.550000e+00
3.175216e-01 1.058413e-01 4.750000e-01 3.650000e+00
2.345884e-01 8.866636e-02 4.750000e-01 3.750000e+00
1.620329e-01 1.174392e-01 4.750000e-01 3.850000e+00
2.164426e-01 1.028533e-01 4.750000e-01 3.950000e+00
2.033137e-01 9.637646e-02 4.750000e-01 4.050000e+00
2.183573e-01 1.023923e-01 4.750000e-01 4.150000e+00
3.392630e-01 9.067271e-02 4.750000e-01 4.250000e+00
3.865009e-01 9.109996e-02 4.750000e-01 4.350000e+00
2.628939e-01 8.324882e-02 4.750000e-01 4.450000e+00
1.347117e-01 7.750574e-02 4.750000e-01 4.550000e+00
1.559278e-01 9.022378e-02 4.750000e-01 4.650000e+00
1.558394e-01 9.338241e-02 4.750000e-01 4.750000e+00
1.557116e-01 7.785704e-02 4.750000e-01 4.850000e+00
1.165014e-01 8.237923e-02 4.750000e-01 4.950000e+00
-1.690443e-01 1.690443e-01 4.750000e-01 5.050000e+00
0.000000e+00 0.000000e+00 4.750000e-01 5.150000e+00
nan nan 4.750000e-01 5.250000e+00
nan nan 4.750000e-01 5.350000e+00
nan nan 4.750000e-01 5.450000e+00
nan nan 4.750000e-01 5.550000e+00
nan nan 4.750000e-01 5.650000e+00
nan nan 4.750000e-01 5.750000e+00
nan nan 4.750000e-01 5.850000e+00
nan nan 4.750000e-01 5.950000e+00
nan nan 4.750000e-01 6.050000e+00
nan nan 4.750000e-01 6.150000e+00
nan nan 4.750000e-01 6.250000e+00
nan nan 4.750000e-01 6.350000e+00
nan nan 4.750000e-01 6.450000e+00
nan nan 4.750000e-01 6.550000e+00
nan nan 4.750000e-01 6.650000e+00
nan nan 4.750000e-01 6.750000e+00
nan nan 4.750000e-01 6.850000e+00
nan nan 4.750000e-01 6.950000e+00
2.106569e+01 9.545788e-01 5.250000e-01 5.000000e-02
6.987924e+00 5.843606e-01 5.250000e-01 1.500000e-01
1.696384e+00 2.822954e-01 5.250000e-01 2.500000e-01
8.078791e-01 1.959398e-01 5.250000e-01 3.500000e-01
1.367287e-01 7.894050e-02 5.250000e-01 4.500000e-01
2.748247e-01 1.121969e-01 5.250000e-01 5.500000e-01
1.401374e-01 1.042492e-01 5.250000e-01 6.500000e-01
8.950783e-02 8.935496e-02 5.250000e-01 7.500000e-01
9.428931e-02 6.667278e-02 5.250000e-01 8.500000e-01
8.771133e-02 8.750218e-02 5.250000e-01 9.500000e-01
9.391733e-02 6.640964e-02 5.250000e-01 1.050000e+00
4.330190e-02 4.330190e-02 5.250000e-01 1.150000e+00
9.288387e-02 6.567885e-02 5.250000e-01 1.250000e+00
4.316381e-02 4.316381e-02 5.250000e-01 1.350000e+00
9.176629e-02 6.488857e-02 5.250000e-01 1.450000e+00
0.000000e+00 0.000000e+00 5.250000e-01 1.550000e+00
-2.683677e-04 6.439199e-02 5.250000e-01 1.650000e+00
4.264698e-02 7.340358e-02 5.250000e-01 1.750000e+00
4.522879e-02 4.522879e-02 5.250000e-01 1.850000e+00
-8.358550e-02 8.343139e-02 5.250000e-01 1.950000e+00
1.787406e-01 1.093987e-01 5.250000e-01 2.050000e+00
4.170669e-02 4.170669e-02 5.250000e-01 2.150000e+00
4.316185e-02 7.509959e-02 5.250000e-01 2.250000e+00
2.096168e-01 9.374392e-02 5.250000e-01 2.350000e+00
2.540593e-01 1.037195e-01 5.250000e-01 2.450000e+00
1.648507e-01 8.242580e-02 5.250000e-01 2.550000e+00
4.100532e-02 4.100532e-02 5.250000e-01 2.650000e+00
4.076823e-02 9.162382e-02 5.250000e-01 2.750000e+00
2.341047e-01 1.104471e-01 5.250000e-01 2.850000e+00
2.432086e-05 5.665777e-02 5.250000e-01 2.950000e+00
2.727689e-01 1.169732e-01 5.250000e-01 3.050000e+00
3.900208e-02 3.900208e-02 5.250000e-01 3.150000e+00
1.566119e-01 7.830624e-02 5.250000e-01 3.250000e+00
1.503783e-01 9.237561e-02 5.250000e-01 3.350000e+00
1.506099e-01 9.245608e-02 5.250000e-01 3.450000e+00
1.815074e-01 9.614510e-02 5.250000e-01 3.550000e+00
3.158349e-01 1.052790e-01 5.250000e-01 3.650000e+00
2.442878e-01 1.157473e-01 5.250000e-01 3.750000e+00
1.988568e-01 1.144404e-01 5.250000e-01 3.850000e+00
3.180639e-01 1.189986e-01 5.250000e-01 3.950000e+00
2.983599e-01 1.115045e-01 5.250000e-01 4.050000e+00
3.356671e-01 1.119048e-01 5.250000e-01 4.150000e+00
2.586584e-01 1.035023e-01 5.250000e-01 4.250000e+00
3.135295e-01 1.050210e-01 5.250000e-01 4.350000e+00
4.179545e-02 6.573741e-02 5.250000e-01 4.450000e+00
1.108409e-01 7.361274e-02 5.250000e-01 4.550000e+00
2.504760e-01 9.375825e-02 5.250000e-01 4.650000e+00
2.061969e-01 9.777642e-02 5.250000e-01 4.750000e+00
7.319368e-02 9.009871e-02 5.250000e-01 4.850000e+00
5.021779e-02 1.130971e-01 5.250000e-01 4.950000e+00
3.271791e-01 1.888979e-01 5.250000e-01 5.050000e+00
1.501907e+00 1.501907e+00 5.250000e-01 5.150000e+00
nan nan 5.250000e-01 5.250000e+00
nan nan 5.250000e-01 5.350000e+00
nan nan 5.250000e-01 5.450000e+00
nan nan 5.250000e-01 5.550000e+00
nan nan 5.250000e-01 5.650000e+00
nan nan 5.250000e-01 5.750000e+00
nan nan 5.250000e-01 5.850000e+00
nan nan 5.250000e-01 5.950000e+00
nan nan 5.250000e-01 6.050000e+00
nan nan 5.250000e-01 6.150000e+00
nan nan 5.250000e-01 6.250000e+00
nan nan 5.250000e-01 6.350000e+00
nan nan 5.250000e-01 6.450000e+00
nan nan 5.250000e-01 6.550000e+00
nan nan 5.250000e-01 6.650000e+00
nan nan 5.250000e-01 6.750000e+00
nan nan 5.250000e-01 6.850000e+00
nan nan 5.250000e-01 6.950000e+00
2.467375e+01 1.087257e+00 5.750000e-01 5.000000e-02
8.169415e+00 6.089133e-01 5.750000e-01 1.500000e-01
1.452073e+00 2.651114e-01 5.750000e-01 2.500000e-01
8.471290e-01 1.943450e-01 5.750000e-01 3.500000e-01
2.900835e-01 1.184265e-01 5.750000e-01 4.500000e-01
5.782273e-01 1.723478e-01 5.750000e-01 5.500000e-01
1.442530e-01 1.073460e-01 5.750000e-01 6.500000e-01
2.214166e-01 9.902062e-02 5.750000e-01 7.500000e-01
9.479701e-02 9.457406e-02 5.750000e-01 8.500000e-01
4.439795e-02 7.669673e-02 5.750000e-01 9.500000e-01
9.307037e-02 6.581092e-02 5.750000e-01 1.050000e+00
0.000000e+00 0.000000e+00 5.750000e-01 1.150000e+00
-4.606911e-02 4.606910e-02 5.750000e-01 1.250000e+00
-4.492037e-02 4.492037e-02 5.750000e-01 1.350000e+00
8.946660e-02 6.326254e-02 5.750000e-01 1.450000e+00
4.512902e-02 4.512902e-02 5.750000e-01 1.550000e+00
0.000000e+00 0.000000e+00 5.750000e-01 1.650000e+00
8.998455e-02 6.362901e-02 5.750000e-01 1.750000e+00
4.333076e-02 7.512604e-02 5.750000e-01 1.850000e+00
0.000000e+00 0.000000e+00 5.750000e-01 1.950000e+00
4.373655e-02 7.530137e-02 5.750000e-01 2.050000e+00
1.287642e-01 9.583555e-02 5.750000e-01 2.150000e+00
4.450093e-05 6.089496e-02 5.750000e-01 2.250000e+00
0.000000e+00 0.000000e+00 5.750000e-01 2.350000e+00
4.251230e-02 7.392179e-02 5.750000e-01 2.450000e+00
2.080022e-01 1.100410e-01 5.750000e-01 2.550000e+00
2.554405e-01 1.042834e-01 5.750000e-01 2.650000e+00
7.985339e-02 7.962029e-02 5.750000e-01 2.750000e+00
3.730530e-01 1.243518e-01 5.750000e-01 2.850000e+00
1.190258e-01 8.857565e-02 5.750000e-01 2.950000e+00
2.368366e-01 9.668833e-02 5.750000e-01 3.050000e+00
7.908767e-02 9.671514e-02 5.750000e-01 3.150000e+00
1.542649e-01 7.713316e-02 5.750000e-01 3.250000e+00
1.177240e-01 8.798049e-02 5.750000e-01 3.350000e+00
1.142983e-01 6.599065e-02 5.750000e-01 3.450000e+00
2.585847e-01 1.224946e-01 5.750000e-01 3.550000e+00
3.613466e-01 1.142682e-01 5.750000e-01 3.650000e+00
3.508080e-02 7.838198e-02 5.750000e-01 3.750000e+00
2.017503e-01 9.526436e-02 5.750000e-01 3.850000e+00
-3.233738e-04 9.256841e-02 5.750000e-01 3.950000e+00
1.847221e-01 1.229432e-01 5.750000e-01 4.050000e+00
1.152387e-01 8.161545e-02 5.750000e-01 4.150000e+00
7.993035e-02 8.865986e-02 5.750000e-01 4.250000e+00
7.184244e-02 8.671180e-02 5.750000e-01 4.350000e+00
8.871995e-02 5.434017e-02 5.750000e-01 4.450000e+00
1.402722e-01 8.717514e-02 5.750000e-01 4.550000e+00
5.194540e-02 9.178785e-02 5.750000e-01 4.650000e+00
2.473297e-01 1.237017e-01 5.750000e-01 4.750000e+00
3.922036e-02 1.025552e-01 5.750000e-01 4.850000e+00
1.072697e-01 7.585117e-02 5.750000e-01 4.950000e+00
2.071683e-01 2.086239e-01 5.750000e-01 5.050000e+00
0.000000e+00 0.000000e+00 5.750000e-01 5.150000e+00
nan nan 5.750000e-01 5.250000e+00
nan nan 5.750000e-01 5.350000e+00
nan nan 5.750000e-01 5.450000e+00
nan nan 5.750000e-01 5.550000e+00
nan nan 5.750000e-01 5.650000e+00
nan nan 5.750000e-01 5.750000e+00
nan nan 5.750000e-01 5.850000e+00
nan nan 5.750000e-01 5.950000e+00
nan nan 5.750000e-01 6.050000e+00
nan nan 5.750000e-01 6.150000e+00
nan nan 5.750000e-01 6.250000e+00
nan nan 5.750000e-01 6.350000e+00
nan nan 5.750000e-01 6.450000e+00
nan nan 5.750000e-01 6.550000e+00
nan nan 5.750000e-01 6.650000e+00
nan nan 5.750000e-01 6.750000e+00
nan nan 5.750000e-01 6.850000e+00
nan nan 5.750000e-01 6.950000e+00
2.270118e+01 1.056156e+00 6.250000e-01 5.000000e-02
8.141977e+00 6.085609e-01 6.250000e-01 1.500000e-01
1.139242e+00 2.325472e-01 6.250000e-01 2.500000e-01
6.056397e-01 1.679745e-01 6.250000e-01 3.500000e-01
3.203089e-01 1.210655e-01 6.250000e-01 4.500000e-01
1.444551e-01 8.340138e-02 6.250000e-01 5.500000e-01
8.900791e-02 8.894427e-02 6.250000e-01 6.500000e-01
1.456166e-01 1.085437e-01 6.250000e-01 7.500000e-01
1.309768e-01 7.561955e-02 6.250000e-01 8.500000e-01
9.642432e-02 6.818229e-02 6.250000e-01 9.500000e-01
4.345768e-02 7.544695e-02 6.250000e-01 1.050000e+00
0.000000e+00 0.000000e+00 6.250000e-01 1.150000e+00
4.377853e-02 7.599148e-02 6.250000e-01 1.250000e+00
-9.317533e-02 6.588512e-02 6.250000e-01 1.350000e+00
8.791204e-02 8.785546e-02 6.250000e-01 1.450000e+00
4.603753e-02 4.603753e-02 6.250000e-01 1.550000e+00
8.725785e-02 6.170062e-02 6.250000e-01 1.650000e+00
-4.580997e-02 4.580997e-02 6.250000e-01 1.750000e+00
1.484053e-04 6.046042e-02 6.250000e-01 1.850000e+00
0.000000e+00 0.000000e+00 6.250000e-01 1.950000e+00
4.197355e-02 4.197355e-02 6.250000e-01 2.050000e+00
8.996577e-02 6.361547e-02 6.250000e-01 2.150000e+00
4.183683e-02 9.434327e-02 6.250000e-01 2.250000e+00
1.324416e-01 7.646529e-02 6.250000e-01 2.350000e+00
8.345500e-02 5.901161e-02 6.250000e-01 2.450000e+00
8.824993e-02 8.798530e-02 6.250000e-01 2.550000e+00
8.147583e-02 8.117114e-02 6.250000e-01 2.650000e+00
4.277961e-02 7.449457e-02 6.250000e-01 2.750000e+00
8.072576e-02 5.708178e-02 6.250000e-01 2.850000e+00
3.239460e-01 1.145328e-01 6.250000e-01 2.950000e+00
-3.473322e-05 9.826571e-02 6.250000e-01 3.050000e+00
1.184424e-01 6.838276e-02 6.250000e-01 3.150000e+00
3.955444e-02 3.955444e-02 6.250000e-01 3.250000e+00
1.546783e-01 7.733980e-02 6.250000e-01 3.350000e+00
1.922696e-01 1.275851e-01 6.250000e-01 3.450000e+00
1.536368e-01 9.409971e-02 6.250000e-01 3.550000e+00
3.643905e-02 8.081416e-02 6.250000e-01 3.650000e+00
7.109616e-02 7.133047e-02 6.250000e-01 3.750000e+00
1.057605e-01 1.051855e-01 6.250000e-01 3.850000e+00
1.974120e-01 1.041357e-01 6.250000e-01 3.950000e+00
2.880302e-01 9.601090e-02 6.250000e-01 4.050000e+00
2.392805e-01 1.033549e-01 6.250000e-01 4.150000e+00
2.497802e-01 9.214114e-02 6.250000e-01 4.250000e+00
3.290747e-01 1.043168e-01 6.250000e-01 4.350000e+00
2.339451e-01 8.096519e-02 6.250000e-01 4.450000e+00
2.743880e-01 8.986353e-02 6.250000e-01 4.550000e+00
8.481919e-02 4.897073e-02 6.250000e-01 4.650000e+00
9.730249e-02 1.488384e-01 6.250000e-01 4.750000e+00
2.406722e-01 1.269765e-01 6.250000e-01 4.850000e+00
1.130630e-01 7.994769e-02 6.250000e-01 4.950000e+00
2.145885e-01 1.517411e-01 6.250000e-01 5.050000e+00
0.000000e+00 0.000000e+00 6.250000e-01 5.150000e+00
nan nan 6.250000e-01 5.250000e+00
nan nan 6.250000e-01 5.350000e+00
nan nan 6.250000e-01 5.450000e+00
nan nan 6.250000e-01 5.550000e+00
nan nan 6.250000e-01 5.650000e+00
nan nan 6.250000e-01 5.750000e+00
nan nan 6.250000e-01 5.850000e+00
nan nan 6.250000e-01 5.950000e+00
nan nan 6.250000e-01 6.050000e+00
nan nan 6.250000e-01 6.150000e+00
nan nan 6.250000e-01 6.250000e+00
nan nan 6.250000e-01 6.350000e+00
nan nan 6.250000e-01 6.450000e+00
nan nan 6.250000e-01 6.550000e+00
nan nan 6.250000e-01 6.650000e+00
nan nan 6.250000e-01 6.750000e+00
nan nan 6.250000e-01 6.850000e+00
nan nan 6.250000e-01 6.950000e+00
2.444332e+01 1.064769e+00 6.750000e-01 5.000000e-02
7.032931e+00 5.881244e-01 6.750000e-01 1.500000e-01
1.439423e+00 2.544568e-01 6.750000e-01 2.500000e-01
8.430299e-01 2.044651e-01 6.750000e-01 3.500000e-01
5.808896e-01 1.611101e-01 6.750000e-01 4.500000e-01
2.948983e-01 1.203920e-01 6.750000e-01 5.500000e-01
4.051307e-01 1.350437e-01 6.750000e-01 6.500000e-01
9.630832e-02 6.810027e-02 6.750000e-01 7.500000e-01
9.116747e-02 6.446514e-02 6.750000e-01 8.500000e-01
4.718027e-02 8.150744e-02 6.750000e-01 9.500000e-01
9.324424e-02 6.593364e-02 6.750000e-01 1.050000e+00
9.251322e-02 6.541686e-02 6.750000e-01 1.150000e+00
4.721634e-02 4.721635e-02 6.750000e-01 1.250000e+00
4.335180e-05 6.388228e-02 6.750000e-01 1.350000e+00
1.424172e-01 8.222470e-02 6.750000e-01 1.450000e+00
8.766351e-02 6.198749e-02 6.750000e-01 1.550000e+00
9.442757e-02 9.446426e-02 6.750000e-01 1.650000e+00
4.312553e-02 4.312554e-02 6.750000e-01 1.750000e+00
1.402518e-01 1.045630e-01 6.750000e-01 1.850000e+00
8.614611e-02 6.091480e-02 6.750000e-01 1.950000e+00
4.530443e-02 4.530443e-02 6.750000e-01 2.050000e+00
1.298486e-01 7.496836e-02 6.750000e-01 2.150000e+00
2.210911e-01 9.887530e-02 6.750000e-01 2.250000e+00
1.279566e-01 7.387584e-02 6.750000e-01 2.350000e+00
1.311689e-01 7.573052e-02 6.750000e-01 2.450000e+00
8.358609e-02 5.910429e-02 6.750000e-01 2.550000e+00
8.598632e-02 8.628060e-02 6.750000e-01 2.650000e+00
4.232410e-02 4.232409e-02 6.750000e-01 2.750000e+00
4.140966e-02 7.142653e-02 6.750000e-01 2.850000e+00
1.267062e-01 7.315415e-02 6.750000e-01 2.950000e+00
3.976331e-02 6.910812e-02 6.750000e-01 3.050000e+00
1.217588e-01 9.083970e-02 6.750000e-01 3.150000e+00
-2.740444e-04 7.794796e-02 6.750000e-01 3.250000e+00
1.592550e-01 1.124588e-01 6.750000e-01 3.350000e+00
1.947489e-01 8.709472e-02 6.750000e-01 3.450000e+00
1.152425e-01 8.568829e-02 6.750000e-01 3.550000e+00
1.136238e-01 1.006867e-01 6.750000e-01 3.650000e+00
1.449496e-01 1.026716e-01 6.750000e-01 3.750000e+00
2.463934e-01 9.312861e-02 6.750000e-01 3.850000e+00
1.705463e-01 9.049548e-02 6.750000e-01 3.950000e+00
2.300219e-01 8.694058e-02 6.750000e-01 4.050000e+00
1.227949e-01 8.689850e-02 6.750000e-01 4.150000e+00
1.721263e-01 1.079622e-01 6.750000e-01 4.250000e+00
5.293849e-02 8.395344e-02 6.750000e-01 4.350000e+00
1.237975e-01 7.407577e-02 6.750000e-01 4.450000e+00
5.148751e-02 7.259306e-02 6.750000e-01 4.550000e+00
1.156867e-01 1.010966e-01 6.750000e-01 4.650000e+00
1.712780e-01 1.141456e-01 6.750000e-01 4.750000e+00
1.257273e-01 9.397717e-02 6.750000e-01 4.850000e+00
2.823859e-01 1.262886e-01 6.750000e-01 4.950000e+00
-1.028456e-01 2.707041e-01 6.750000e-01 5.050000e+00
0.000000e+00 0.000000e+00 6.750000e-01 5.150000e+00
nan nan 6.750000e-01 5.250000e+00
nan nan 6.750000e-01 5.350000e+00
nan nan 6.750000e-01 5.450000e+00
nan nan 6.750000e-01 5.550000e+00
nan nan 6.750000e-01 5.650000e+00
nan nan 6.750000e-01 5.750000e+00
nan nan 6.750000e-01 5.850000e+00
nan nan 6.750000e-01 5.950000e+00
nan nan 6.750000e-01 6.050000e+00
nan nan 6.750000e-01 6.150000e+00
nan nan 6.750000e-01 6.250000e+00
nan nan 6.750000e-01 6.350000e+00
nan nan 6.750000e-01 6.450000e+00
nan nan 6.750000e-01 6.550000e+00
nan nan 6.750000e-01 6.650000e+00
nan nan 6.750000e-01 6.750000e+00
nan nan 6.750000e-01 6.850000e+00
nan nan 6.750000e-01 6.950000e+00
2.399700e+01 1.060529e+00 7.250000e-01 5.000000e-02
6.680247e+00 5.666119e-01 7.250000e-01 1.500000e-01
1.743188e+00 2.905319e-01 7.250000e-01 2.500000e-01
4.627648e-01 1.603351e-01 7.250000e-01 3.500000e-01
2.020312e-01 1.010158e-01 7.250000e-01 4.500000e-01
3.158018e-01 1.193620e-01 7.250000e-01 5.500000e-01
1.018804e-01 7.204039e-02 7.250000e-01 6.500000e-01
-4.535445e-02 4.535444e-02 7.250000e-01 7.500000e-01
1.005504e-01 7.110013e-02 7.250000e-01 8.500000e-01
1.370054e-01 7.910016e-02 7.250000e-01 9.500000e-01
0.000000e+00 0.000000e+00 7.250000e-01 1.050000e+00
-4.642597e-02 4.642597e-02 7.250000e-01 1.150000e+00
4.768157e-02 4.768157e-02 7.250000e-01 1.250000e+00
4.727622e-02 4.727622e-02 7.250000e-01 1.350000e+00
4.640614e-02 4.640613e-02 7.250000e-01 1.450000e+00
4.764004e-02 4.764004e-02 7.250000e-01 1.550000e+00
-7.751867e-05 6.433675e-02 7.250000e-01 1.650000e+00
9.297663e-02 6.574453e-02 7.250000e-01 1.750000e+00
9.089842e-02 6.427489e-02 7.250000e-01 1.850000e+00
1.354828e-01 7.822109e-02 7.250000e-01 1.950000e+00
4.546907e-02 4.546907e-02 7.250000e-01 2.050000e+00
-8.895809e-02 1.083135e-01 7.250000e-01 2.150000e+00
1.339589e-01 1.179395e-01 7.250000e-01 2.250000e+00
3.525166e-01 1.246339e-01 7.250000e-01 2.350000e+00
9.213885e-05 1.056444e-01 7.250000e-01 2.450000e+00
1.727741e-01 8.638738e-02 7.250000e-01 2.550000e+00
1.297883e-01 9.666472e-02 7.250000e-01 2.650000e+00
4.143956e-02 4.143955e-02 7.250000e-01 2.750000e+00
8.735252e-02 1.071841e-01 7.250000e-01 2.850000e+00
4.091784e-02 9.140703e-02 7.250000e-01 2.950000e+00
-2.437361e-04 8.431699e-02 7.250000e-01 3.050000e+00
7.957721e-02 9.785001e-02 7.250000e-01 3.150000e+00
8.147898e-02 5.761455e-02 7.250000e-01 3.250000e+00
6.246504e-05 5.538750e-02 7.250000e-01 3.350000e+00
1.167407e-01 6.740049e-02 7.250000e-01 3.450000e+00
1.582118e-01 7.910665e-02 7.250000e-01 3.550000e+00
1.537038e-01 1.089617e-01 7.250000e-01 3.650000e+00
1.116412e-01 8.314613e-02 7.250000e-01 3.750000e+00
1.815308e-01 9.613814e-02 7.250000e-01 3.850000e+00
1.052729e-01 7.835984e-02 7.250000e-01 3.950000e+00
-3.319636e-02 7.420514e-02 7.250000e-01 4.050000e+00
1.306674e-01 7.975854e-02 7.250000e-01 4.150000e+00
2.393246e-01 8.461460e-02 7.250000e-01 4.250000e+00
1.943267e-01 9.229785e-02 7.250000e-01 4.350000e+00
1.058693e-01 9.129348e-02 7.250000e-01 4.450000e+00
2.978030e-01 8.979166e-02 7.250000e-01 4.550000e+00
2.447371e-01 1.223011e-01 7.250000e-01 4.650000e+00
1.820211e-01 1.318543e-01 7.250000e-01 4.750000e+00
1.354694e-01 1.010484e-01 7.250000e-01 4.850000e+00
2.430907e-01 1.493623e-01 7.250000e-01 4.950000e+00
1.936914e-04 1.517927e-01 7.250000e-01 5.050000e+00
4.883453e-01 4.883453e-01 7.250000e-01 5.150000e+00
nan nan 7.250000e-01 5.250000e+00
nan nan 7.250000e-01 5.350000e+00
nan nan 7.250000e-01 5.450000e+00
nan nan 7.250000e-01 5.550000e+00
nan nan 7.250000e-01 5.650000e+00
nan nan 7.250000e-01 5.750000e+00
nan nan 7.250000e-01 5.850000e+00
nan nan 7.250000e-01 5.950000e+00
nan nan 7.250000e-01 6.050000e+00
nan nan 7.250000e-01 6.150000e+00
nan nan 7.250000e-01 6.250000e+00
nan nan 7.250000e-01 6.350000e+00
nan nan 7.250000e-01 6.450000e+00
nan nan 7.250000e-01 6.550000e+00
nan nan 7.250000e-01 6.650000e+00
nan nan 7.250000e-01 6.750000e+00
nan nan 7.250000e-01 6.850000e+00
nan nan 7.250000e-01 6.950000e+00
2.292295e+01 1.090335e+00 7.750000e-01 5.000000e-02
6.912706e+00 5.606954e-01 7.750000e-01 1.500000e-01
1.876459e+00 3.127438e-01 7.750000e-01 2.500000e-01
7.368338e-01 1.842088e-01 7.750000e-01 3.500000e-01
3.570724e-01 1.349608e-01 7.750000e-01 4.500000e-01
2.351649e-01 1.051692e-01 7.750000e-01 5.500000e-01
1.994500e-01 9.972503e-02 7.750000e-01 6.500000e-01
0.000000e+00 0.000000e+00 7.750000e-01 7.500000e-01
0.000000e+00 0.000000e+00 7.750000e-01 8.500000e-01
-4.907336e-02 4.907337e-02 7.750000e-01 9.500000e-01
4.800370e-02 1.078505e-01 7.750000e-01 1.050000e+00
0.000000e+00 0.000000e+00 7.750000e-01 1.150000e+00
4.732930e-02 4.732929e-02 7.750000e-01 1.250000e+00
4.952944e-02 4.952944e-02 7.750000e-01 1.350000e+00
4.689585e-02 4.689586e-02 7.750000e-01 1.450000e+00
1.469955e-01 8.486793e-02 7.750000e-01 1.550000e+00
4.611673e-02 4.611673e-02 7.750000e-01 1.650000e+00
4.864101e-02 4.864101e-02 7.750000e-01 1.750000e+00
4.531748e-02 7.864494e-02 7.750000e-01 1.850000e+00
4.805870e-02 4.805869e-02 7.750000e-01 1.950000e+00
-3.931142e-06 6.401390e-02 7.750000e-01 2.050000e+00
4.613077e-02 4.613077e-02 7.750000e-01 2.150000e+00
1.797948e-01 8.989787e-02 7.750000e-01 2.250000e+00
8.864099e-02 6.267872e-02 7.750000e-01 2.350000e+00
8.900718e-02 6.293760e-02 7.750000e-01 2.450000e+00
8.823392e-02 8.809198e-02 7.750000e-01 2.550000e+00
-8.520464e-02 8.555135e-02 7.750000e-01 2.650000e+00
4.402833e-02 9.830991e-02 7.750000e-01 2.750000e+00
8.304796e-02 5.872380e-02 7.750000e-01 2.850000e+00
-4.290675e-02 4.290675e-02 7.750000e-01 2.950000e+00
8.343353e-02 5.899650e-02 7.750000e-01 3.050000e+00
-8.384067e-02 8.354923e-02 7.750000e-01 3.150000e+00
1.214397e-01 7.011331e-02 7.750000e-01 3.250000e+00
1.994763e-01 1.054377e-01 7.750000e-01 3.350000e+00
4.068054e-02 7.038875e-02 7.750000e-01 3.450000e+00
7.775258e-02 5.497938e-02 7.750000e-01 3.550000e+00
3.348789e-04 7.798718e-02 7.750000e-01 3.650000e+00
3.883579e-02 6.676701e-02 7.750000e-01 3.750000e+00
1.101185e-01 6.357731e-02 7.750000e-01 3.850000e+00
7.182171e-02 8.813093e-02 7.750000e-01 3.950000e+00
3.482994e-02 6.033216e-02 7.750000e-01 4.050000e+00
9.876898e-02 9.866436e-02 7.750000e-01 4.150000e+00
6.326187e-02 6.310667e-02 7.750000e-01 4.250000e+00
1.439495e-01 7.621438e-02 7.750000e-01 4.350000e+00
1.653545e-01 1.029667e-01 7.750000e-01 4.450000e+00
5.854396e-02 9.229430e-02 7.750000e-01 4.550000e+00
6.485463e-02 1.122269e-01 7.750000e-01 4.650000e+00
1.516454e-01 1.202359e-01 7.750000e-01 4.750000e+00
2.897764e-01 1.183039e-01 7.750000e-01 4.850000e+00
5.352728e-01 1.892511e-01 7.750000e-01 4.950000e+00
0.000000e+00 0.000000e+00 7.750000e-01 5.050000e+00
0.000000e+00 0.000000e+00 7.750000e-01 5.150000e+00
nan nan 7.750000e-01 5.250000e+00
nan nan 7.750000e-01 5.350000e+00
nan nan 7.750000e-01 5.450000e+00
nan nan 7.750000e-01 5.550000e+00
nan nan 7.750000e-01 5.650000e+00
nan nan 7.750000e-01 5.750000e+00
nan nan 7.750000e-01 5.850000e+00
nan nan 7.750000e-01 5.950000e+00
nan nan 7.750000e-01 6.050000e+00
nan nan 7.750000e-01 6.150000e+00
nan nan 7.750000e-01 6.250000e+00
nan nan 7.750000e-01 6.350000e+00
nan nan 7.750000e-01 6.450000e+00
nan nan 7.750000e-01 6.550000e+00
nan nan 7.750000e-01 6.650000e+00
nan nan 7.750000e-01 6.750000e+00
nan nan 7.750000e-01 6.850000e+00
nan nan 7.750000e-01 6.950000e+00
2.251565e+01 1.054394e+00 8.250000e-01 5.000000e-02
7.518104e+00 6.200840e-01 8.250000e-01 1.500000e-01
2.337104e+00 3.338724e-01 8.250000e-01 2.500000e-01
5.815446e-01 1.753425e-01 8.250000e-01 3.500000e-01
3.295186e-01 1.411696e-01 8.250000e-01 4.500000e-01
6.417835e-01 1.852671e-01 8.250000e-01 5.500000e-01
9.426311e-02 6.665409e-02 8.250000e-01 6.500000e-01
-3.562802e-04 7.436245e-02 8.250000e-01 7.500000e-01
1.934107e-01 9.670548e-02 8.250000e-01 8.500000e-01
1.014591e-01 7.174257e-02 8.250000e-01 9.500000e-01
4.844142e-05 7.059301e-02 8.250000e-01 1.050000e+00
4.902213e-02 4.902213e-02 8.250000e-01 1.150000e+00
5.142616e-02 5.142615e-02 8.250000e-01 1.250000e+00
1.425659e-01 8.231047e-02 8.250000e-01 1.350000e+00
-1.038237e-01 7.341447e-02 8.250000e-01 1.450000e+00
9.266852e-02 6.552657e-02 8.250000e-01 1.550000e+00
5.136736e-02 5.136736e-02 8.250000e-01 1.650000e+00
1.373613e-01 7.930562e-02 8.250000e-01 1.750000e+00
5.051359e-02 5.051359e-02 8.250000e-01 1.850000e+00
0.000000e+00 0.000000e+00 8.250000e-01 1.950000e+00
9.752488e-02 6.896052e-02 8.250000e-01 2.050000e+00
-4.571098e-02 7.933728e-02 8.250000e-01 2.150000e+00
4.663346e-02 4.663347e-02 8.250000e-01 2.250000e+00
0.000000e+00 0.000000e+00 8.250000e-01 2.350000e+00
1.843214e-01 9.216075e-02 8.250000e-01 2.450000e+00
4.346406e-02 4.346406e-02 8.250000e-01 2.550000e+00
9.104547e-02 6.437890e-02 8.250000e-01 2.650000e+00
4.236762e-02 4.236762e-02 8.250000e-01 2.750000e+00
8.867388e-02 8.859432e-02 8.250000e-01 2.850000e+00
1.687240e-01 8.436254e-02 8.250000e-01 2.950000e+00
1.289291e-01 7.443724e-02 8.250000e-01 3.050000e+00
8.313611e-02 5.878611e-02 8.250000e-01 3.150000e+00
1.247442e-01 7.202139e-02 8.250000e-01 3.250000e+00
8.370331e-02 1.017729e-01 8.250000e-01 3.350000e+00
1.168554e-01 6.746660e-02 8.250000e-01 3.450000e+00
4.045488e-02 4.045488e-02 8.250000e-01 3.550000e+00
-2.301395e-04 7.833341e-02 8.250000e-01 3.650000e+00
2.340522e-01 9.555153e-02 8.250000e-01 3.750000e+00
1.161908e-01 1.023853e-01 8.250000e-01 3.850000e+00
1.095094e-01 6.322544e-02 8.250000e-01 3.950000e+00
1.765491e-01 7.895569e-02 8.250000e-01 4.050000e+00
1.022350e-01 9.047059e-02 8.250000e-01 4.150000e+00
1.960033e-01 1.133602e-01 8.250000e-01 4.250000e+00
9.178242e-02 1.013633e-01 8.250000e-01 4.350000e+00
1.704339e-01 8.976728e-02 8.250000e-01 4.450000e+00
2.086930e-01 7.887962e-02 8.250000e-01 4.550000e+00
1.388599e-01 8.485271e-02 8.250000e-01 4.650000e+00
3.841244e-02 1.033713e-01 8.250000e-01 4.750000e+00
9.712084e-02 9.638601e-02 8.250000e-01 4.850000e+00
1.993759e-01 1.761498e-01 8.250000e-01 4.950000e+00
1.542244e-03 1.631408e-01 8.250000e-01 5.050000e+00
0.000000e+00 0.000000e+00 8.250000e-01 5.150000e+00
nan nan 8.250000e-01 5.250000e+00
nan nan 8.250000e-01 5.350000e+00
nan nan 8.250000e-01 5.450000e+00
nan nan 8.250000e-01 5.550000e+00
nan nan 8.250000e-01 5.650000e+00
nan nan 8.250000e-01 5.750000e+00
nan nan 8.250000e-01 5.850000e+00
nan nan 8.250000e-01 5.950000e+00
nan nan 8.250000e-01 6.050000e+00
nan nan 8.250000e-01 6.150000e+00
nan nan 8.250000e-01 6.250000e+00
nan nan 8.250000e-01 6.350000e+00
nan nan 8.250000e-01 6.450000e+00
nan nan 8.250000e-01 6.550000e+00
nan nan 8.250000e-01 6.650000e+00
nan nan 8.250000e-01 6.750000e+00
nan nan 8.250000e-01 6.850000e+00
nan nan 8.250000e-01 6.950000e+00
2.244931e+01 1.030053e+00 8.750000e-01 5.000000e-02
6.228917e+00 5.833925e-01 8.750000e-01 1.500000e-01
1.588118e+00 2.764563e-01 8.750000e-01 2.500000e-01
8.513625e-01 2.128410e-01 8.750000e-01 3.500000e-01
4.036338e-01 1.427062e-01 8.750000e-01 4.500000e-01
3.099417e-01 1.265336e-01 8.750000e-01 5.500000e-01
3.121374e-01 1.274298e-01 8.750000e-01 6.500000e-01
5.031474e-02 5.031474e-02 8.750000e-01 7.500000e-01
0.000000e+00 0.000000e+00 8.750000e-01 8.500000e-01
5.029325e-02 5.029325e-02 8.750000e-01 9.500000e-01
1.541613e-01 1.362498e-01 8.750000e-01 1.050000e+00
5.117044e-02 5.117044e-02 8.750000e-01 1.150000e+00
0.000000e+00 0.000000e+00 8.750000e-01 1.250000e+00
1.043981e-01 7.382088e-02 8.750000e-01 1.350000e+00
9.719546e-02 6.872758e-02 8.750000e-01 1.450000e+00
2.098317e-01 1.049161e-01 8.750000e-01 1.550000e+00
4.810136e-02 4.810136e-02 8.750000e-01 1.650000e+00
5.185080e-02 5.185080e-02 8.750000e-01 1.750000e+00
9.538949e-02 9.580349e-02 8.750000e-01 1.850000e+00
5.016505e-02 5.016505e-02 8.750000e-01 1.950000e+00
-1.428435e-01 1.065350e-01 8.750000e-01 2.050000e+00
4.921562e-02 8.431647e-02 8.750000e-01 2.150000e+00
0.000000e+00 0.000000e+00 8.750000e-01 2.250000e+00
1.435068e-01 8.285379e-02 8.750000e-01 2.350000e+00
8.985221e-02 6.353511e-02 8.750000e-01 2.450000e+00
2.429887e-04 6.720774e-02 8.750000e-01 2.550000e+00
4.321515e-02 7.526109e-02 8.750000e-01 2.650000e+00
9.206137e-02 9.227063e-02 8.750000e-01 2.750000e+00
1.291540e-01 7.456770e-02 8.750000e-01 2.850000e+00
1.321059e-01 9.825005e-02 8.750000e-01 2.950000e+00
1.282643e-01 9.563618e-02 8.750000e-01 3.050000e+00
4.325643e-02 7.479908e-02 8.750000e-01 3.150000e+00
-4.224635e-02 9.426214e-02 8.750000e-01 3.250000e+00
1.677571e-04 5.863998e-02 8.750000e-01 3.350000e+00
4.210791e-02 7.254889e-02 8.750000e-01 3.450000e+00
1.583556e-01 7.917799e-02 8.750000e-01 3.550000e+00
1.204946e-01 8.981106e-02 8.750000e-01 3.650000e+00
1.579120e-01 9.649170e-02 8.750000e-01 3.750000e+00
1.547202e-01 1.091272e-01 8.750000e-01 3.850000e+00
1.154662e-01 6.666447e-02 8.750000e-01 3.950000e+00
3.682414e-02 6.332133e-02 8.750000e-01 4.050000e+00
1.400836e-01 7.004229e-02 8.750000e-01 4.150000e+00
1.336779e-01 8.169732e-02 8.750000e-01 4.250000e+00
9.699308e-02 9.737202e-02 8.750000e-01 4.350000e+00
2.121687e-01 9.103338e-02 8.750000e-01 4.450000e+00
1.863328e-01 9.849119e-02 8.750000e-01 4.550000e+00
7.210506e-02 8.886325e-02 8.750000e-01 4.650000e+00
4.392451e-02 9.592033e-02 8.750000e-01 4.750000e+00
1.054839e-01 1.046497e-01 8.750000e-01 4.850000e+00
1.404548e-01 9.931687e-02 8.750000e-01 4.950000e+00
-1.178609e-01 2.055740e-01 8.750000e-01 5.050000e+00
5.074398e-01 5.074398e-01 8.750000e-01 5.150000e+00
nan nan 8.750000e-01 5.250000e+00
nan nan 8.750000e-01 5.350000e+00
nan nan 8.750000e-01 5.450000e+00
nan nan 8.750000e-01 5.550000e+00
nan nan 8.750000e-01 5.650000e+00
nan nan 8.750000e-01 5.750000e+00
nan nan 8.750000e-01 5.850000e+00
nan nan 8.750000e-01 5.950000e+00
nan nan 8.750000e-01 6.050000e+00
nan nan 8.750000e-01 6.150000e+00
nan nan 8.750000e-01 6.250000e+00
nan nan 8.750000e-01 6.350000e+00
nan nan 8.750000e-01 6.450000e+00
nan nan 8.750000e-01 6.550000e+00
nan nan 8.750000e-01 6.650000e+00
nan nan 8.750000e-01 6.750000e+00
nan nan 8.750000e-01 6.850000e+00
nan nan 8.750000e-01 6.950000e+00
2.169078e+01 1.079158e+00 9.250000e-01 5.000000e-02
7.563748e+00 6.135019e-01 9.250000e-01 1.500000e-01
1.965079e+00 3.415748e-01 9.250000e-01 2.500000e-01
6.362197e-01 1.764559e-01 9.250000e-01 3.500000e-01
2.798885e-01 1.251703e-01 9.250000e-01 4.500000e-01
1.514183e-01 1.332462e-01 9.250000e-01 5.500000e-01
1.070591e-01 7.570223e-02 9.250000e-01 6.500000e-01
5.244079e-02 5.244080e-02 9.250000e-01 7.500000e-01
-5.119513e-02 5.119513e-02 9.250000e-01 8.500000e-01
0.000000e+00 0.000000e+00 9.250000e-01 9.500000e-01
5.004945e-02 5.004945e-02 9.250000e-01 1.050000e+00
1.066772e-01 7.543215e-02 9.250000e-01 1.150000e+00
4.993533e-02 4.993534e-02 9.250000e-01 1.250000e+00
-1.234109e-04 7.383484e-02 9.250000e-01 1.350000e+00
-5.067821e-02 5.067821e-02 9.250000e-01 1.450000e+00
1.640971e-06 7.197504e-02 9.250000e-01 1.550000e+00
5.076779e-02 8.789774e-02 9.250000e-01 1.650000e+00
0.000000e+00 0.000000e+00 9.250000e-01 1.750000e+00
0.000000e+00 0.000000e+00 9.250000e-01 1.850000e+00
4.944507e-02 4.944507e-02 9.250000e-01 1.950000e+00
-5.018567e-02 1.323450e-01 9.250000e-01 2.050000e+00
-2.206020e-04 6.897847e-02 9.250000e-01 2.150000e+00
-4.951960e-02 4.951960e-02 9.250000e-01 2.250000e+00
9.415875e-02 9.432744e-02 9.250000e-01 2.350000e+00
9.810313e-02 6.936951e-02 9.250000e-01 2.450000e+00
1.359654e-01 7.849972e-02 9.250000e-01 2.550000e+00
9.515040e-02 9.561689e-02 9.250000e-01 2.650000e+00
-4.453833e-02 4.453833e-02 9.250000e-01 2.750000e+00
9.068016e-02 6.412091e-02 9.250000e-01 2.850000e+00
4.498729e-02 7.742251e-02 9.250000e-01 2.950000e+00
1.304313e-01 9.734295e-02 9.250000e-01 3.050000e+00
5.272123e-04 8.703871e-02 9.250000e-01 3.150000e+00
1.609547e-05 8.518183e-02 9.250000e-01 3.250000e+00
1.285411e-01 7.421388e-02 9.250000e-01 3.350000e+00
4.111365e-02 7.108640e-02 9.250000e-01 3.450000e+00
1.258149e-01 7.263931e-02 9.250000e-01 3.550000e+00
1.212116e-01 6.998166e-02 9.250000e-01 3.650000e+00
2.780974e-01 1.051113e-01 9.250000e-01 3.750000e+00
1.187870e-01 6.858181e-02 9.250000e-01 3.850000e+00
1.926260e-01 8.614536e-02 9.250000e-01 3.950000e+00
1.512113e-01 7.560595e-02 9.250000e-01 4.050000e+00
2.192553e-01 1.366737e-01 9.250000e-01 4.150000e+00
1.042263e-01 6.017519e-02 9.250000e-01 4.250000e+00
1.976799e-01 9.303696e-02 9.250000e-01 4.350000e+00
1.935286e-01 9.115114e-02 9.250000e-01 4.450000e+00
6.547958e-02 9.356932e-02 9.250000e-01 4.550000e+00
3.735979e-02 8.506380e-02 9.250000e-01 4.650000e+00
4.551842e-02 7.975965e-02 9.250000e-01 4.750000e+00
5.215882e-01 1.738652e-01 9.250000e-01 4.850000e+00
3.937861e-01 1.761078e-01 9.250000e-01 4.950000e+00
-2.640630e-01 1.867211e-01 9.250000e-01 5.050000e+00
0.000000e+00 0.000000e+00 9.250000e-01 5.150000e+00
nan nan 9.250000e-01 5.250000e+00
nan nan 9.250000e-01 5.350000e+00
nan nan 9.250000e-01 5.450000e+00
nan nan 9.250000e-01 5.550000e+00
nan nan 9.250000e-01 5.650000e+00
nan nan 9.250000e-01 5.750000e+00
nan nan 9.250000e-01 5.850000e+00
nan nan 9.250000e-01 5.950000e+00
nan nan 9.250000e-01 6.050000e+00
nan nan 9.250000e-01 6.150000e+00
nan nan 9.250000e-01 6.250000e+00
nan nan 9.250000e-01 6.350000e+00
nan nan 9.250000e-01 6.450000e+00
nan nan 9.250000e-01 6.550000e+00
nan nan 9.250000e-01 6.650000e+00
nan nan 9.250000e-01 6.750000e+00
nan nan 9.250000e-01 6.850000e+00
nan nan 9.250000e-01 6.950000e+00
2.292252e+01 1.140425e+00 9.750000e-01 5.000000e-02
7.588599e+00 6.258982e-01 9.750000e-01 1.500000e-01
2.314450e+00 3.529509e-01 9.750000e-01 2.500000e-01
5.418439e-01 1.713465e-01 9.750000e-01 3.500000e-01
2.575392e-01 1.151752e-01 9.750000e-01 4.500000e-01
4.397232e-01 1.554659e-01 9.750000e-01 5.500000e-01
3.077993e-01 1.256589e-01 9.750000e-01 6.500000e-01
0.000000e+00 0.000000e+00 9.750000e-01 7.500000e-01
5.282487e-02 5.282487e-02 9.750000e-01 8.500000e-01
-5.035370e-02 8.786765e-02 9.750000e-01 9.500000e-01
0.000000e+00 0.000000e+00 9.750000e-01 1.050000e+00
4.908777e-02 4.908777e-02 9.750000e-01 1.150000e+00
5.493135e-02 5.493135e-02 9.750000e-01 1.250000e+00
0.000000e+00 0.000000e+00 9.750000e-01 1.350000e+00
0.000000e+00 0.000000e+00 9.750000e-01 1.450000e+00
4.894224e-02 8.468275e-02 9.750000e-01 1.550000e+00
1.052693e-01 7.443684e-02 9.750000e-01 1.650000e+00
4.941603e-02 4.941603e-02 9.750000e-01 1.750000e+00
0.000000e+00 0.000000e+00 9.750000e-01 1.850000e+00
5.032745e-02 5.032745e-02 9.750000e-01 1.950000e+00
0.000000e+00 0.000000e+00 9.750000e-01 2.050000e+00
5.098261e-02 8.830090e-02 9.750000e-01 2.150000e+00
-4.840196e-02 8.302806e-02 9.750000e-01 2.250000e+00
1.538685e-01 8.883610e-02 9.750000e-01 2.350000e+00
0.000000e+00 0.000000e+00 9.750000e-01 2.450000e+00
1.013969e-01 7.169856e-02 9.750000e-01 2.550000e+00
9.180866e-02 9.205410e-02 9.750000e-01 2.650000e+00
9.670962e-02 9.628720e-02 9.750000e-01 2.750000e+00
1.370446e-01 7.912293e-02 9.750000e-01 2.850000e+00
1.547575e-04 6.435443e-02 9.750000e-01 2.950000e+00
1.353753e-01 7.815912e-02 9.750000e-01 3.050000e+00
1.312492e-01 9.763330e-02 9.750000e-01 3.150000e+00
-4.410724e-02 7.649268e-02 9.750000e-01 3.250000e+00
1.281296e-01 7.397599e-02 9.750000e-01 3.350000e+00
8.727578e-02 6.171335e-02 9.750000e-01 3.450000e+00
4.052670e-02 9.156018e-02 9.750000e-01 3.550000e+00
-1.152282e-04 8.357381e-02 9.750000e-01 3.650000e+00
-1.624742e-04 8.199007e-02 9.750000e-01 3.750000e+00
3.956478e-02 6.859900e-02 9.750000e-01 3.850000e+00
4.022473e-02 1.053762e-01 9.750000e-01 3.950000e+00
1.164845e-01 6.725247e-02 9.750000e-01 4.050000e+00
3.687026e-02 9.831456e-02 9.750000e-01 4.150000e+00
3.678601e-02 9.595229e-02 9.750000e-01 4.250000e+00
6.839774e-02 6.864048e-02 9.750000e-01 4.350000e+00
3.260290e-02 7.333597e-02 9.750000e-01 4.450000e+00
1.046158e-01 1.045548e-01 9.750000e-01 4.550000e+00
-3.896006e-02 8.806280e-02 9.750000e-01 4.650000e+00
9.304376e-02 1.152281e-01 9.750000e-01 4.750000e+00
1.787978e-01 1.032303e-01 9.750000e-01 4.850000e+00
-8.054154e-02 8.054154e-02 9.750000e-01 4.950000e+00
2.812376e-01 1.988690e-01 9.750000e-01 5.050000e+00
5.323957e-01 5.323957e-01 9.750000e-01 5.150000e+00
nan nan 9.750000e-01 5.250000e+00
nan nan 9.750000e-01 5.350000e+00
nan nan 9.750000e-01 5.450000e+00
nan nan 9.750000e-01 5.550000e+00
nan nan 9.750000e-01 5.650000e+00
nan nan 9.750000e-01 5.750000e+00
nan nan 9.750000e-01 5.850000e+00
nan nan 9.750000e-01 5.950000e+00
nan nan 9.750000e-01 6.050000e+00
nan nan 9.750000e-01 6.150000e+00
nan nan 9.750000e-01 6.250000e+00
nan nan 9.750000e-01 6.350000e+00
nan nan 9.750000e-01 6.450000e+00
nan nan 9.750000e-01 6.550000e+00
nan nan 9.750000e-01 6.650000e+00
nan nan 9.750000e-01 6.750000e+00
nan nan 9.750000e-01 6.850000e+00
nan nan 9.750000e-01 6.950000e+00
