# Intensity Error [-0.333H,0.167H,0] DeltaE
#  shape: 20x70
4.267925e+01 1.109022e+00 2.500000e-02 5.000000e-02
9.343983e+00 5.215144e-01 2.500000e-02 1.500000e-01
1.023065e+00 1.778142e-01 2.500000e-02 2.500000e-01
4.043190e-01 1.080590e-01 2.500000e-02 3.500000e-01
5.550785e-01 1.273440e-01 2.500000e-02 4.500000e-01
4.329514e-01 1.189912e-01 2.500000e-02 5.500000e-01
2.900949e-01 9.173618e-02 2.500000e-02 6.500000e-01
2.318597e-01 8.197490e-02 2.500000e-02 7.500000e-01
1.720152e-01 7.022495e-02 2.500000e-02 8.500000e-01
1.764845e-01 7.204962e-02 2.500000e-02 9.500000e-01
8.328206e-02 4.808307e-02 2.500000e-02 1.050000e+00
8.445713e-06 4.113318e-02 2.500000e-02 1.150000e+00
1.368410e-01 6.119737e-02 2.500000e-02 1.250000e+00
3.163347e-01 9.537869e-02 2.500000e-02 1.350000e+00
2.193125e-01 9.489728e-02 2.500000e-02 1.450000e+00
5.602383e-01 1.252735e-01 2.500000e-02 1.550000e+00
6.296173e-01 1.312847e-01 2.500000e-02 1.650000e+00
7.427579e-01 1.531766e-01 2.500000e-02 1.750000e+00
9.257884e-01 1.722274e-01 2.500000e-02 1.850000e+00
8.111525e-01 1.480959e-01 2.500000e-02 1.950000e+00
4.863493e-01 1.146341e-01 2.500000e-02 2.050000e+00
3.171634e-01 9.892991e-02 2.500000e-02 2.150000e+00
5.587426e-01 1.276458e-01 2.500000e-02 2.250000e+00
2.074089e-01 8.189902e-02 2.500000e-02 2.350000e+00
2.605572e-01 8.239566e-02 2.500000e-02 2.450000e+00
3.343549e-01 9.273387e-02 2.500000e-02 2.550000e+00
3.093139e-01 8.929148e-02 2.500000e-02 2.650000e+00
1.289053e-01 5.764853e-02 2.500000e-02 2.750000e+00
4.623293e-01 1.205159e-01 2.500000e-02 2.850000e+00
4.597208e-01 1.444816e-01 2.500000e-02 2.950000e+00
6.218330e-01 1.670488e-01 2.500000e-02 3.050000e+00
5.575949e-01 1.434421e-01 2.500000e-02 3.150000e+00
4.149028e-01 1.128488e-01 2.500000e-02 3.250000e+00
5.499479e-01 1.196547e-01 2.500000e-02 3.350000e+00
5.079112e-01 1.034112e-01 2.500000e-02 3.450000e+00
4.696354e-01 1.053127e-01 2.500000e-02 3.550000e+00
5.274384e-01 1.067595e-01 2.500000e-02 3.650000e+00
4.744937e-01 1.004184e-01 2.500000e-02 3.750000e+00
7.407292e-01 1.134621e-01 2.500000e-02 3.850000e+00
5.582082e-01 1.063641e-01 2.500000e-02 3.950000e+00
3.008081e-01 7.929679e-02 2.500000e-02 4.050000e+00
3.542034e-01 7.348687e-02 2.500000e-02 4.150000e+00
2.187204e-01 5.802468e-02 2.500000e-02 4.250000e+00
2.398741e-01 6.679323e-02 2.500000e-02 4.350000e+00
1.992505e-01 6.098682e-02 2.500000e-02 4.450000e+00
2.441966e-01 6.358760e-02 2.500000e-02 4.550000e+00
1.312582e-01 5.685663e-02 2.500000e-02 4.650000e+00
1.060257e-01 6.366191e-02 2.500000e-02 4.750000e+00
1.350478e-01 9.584243e-02 2.500000e-02 4.850000e+00
-3.119388e-03 3.043173e-01 2.500000e-02 4.950000e+00
nan nan 2.500000e-02 5.050000e+00
nan nan 2.500000e-02 5.150000e+00
nan nan 2.500000e-02 5.250000e+00
nan nan 2.500000e-02 5.350000e+00
nan nan 2.500000e-02 5.450000e+00
nan nan 2.500000e-02 5.550000e+00
nan nan 2.500000e-02 5.650000e+00
nan nan 2.500000e-02 5.750000e+00
nan nan 2.500000e-02 5.850000e+00
nan nan 2.500000e-02 5.950000e+00
nan nan 2.500000e-02 6.050000e+00
nan nan 2.500000e-02 6.150000e+00
nan nan 2.500000e-02 6.250000e+00
nan nan 2.500000e-02 6.350000e+00
nan nan 2.500000e-02 6.450000e+00
nan nan 2.500000e-02 6.550000e+00
nan nan 2.500000e-02 6.650000e+00
nan nan 2.500000e-02 6.750000e+00
nan nan 2.500000e-02 6.850000e+00
nan nan 2.500000e-02 6.950000e+00
3.804768e+01 1.056067e+00 7.500000e-02 5.000000e-02
9.344535e+00 5.191319e-01 7.500000e-02 1.500000e-01
1.310409e+00 2.063653e-01 7.500000e-02 2.500000e-01
6.312997e-01 1.345938e-01 7.500000e-02 3.500000e-01
4.790984e-01 1.197747e-01 7.500000e-02 4.500000e-01
5.097738e-01 1.201551e-01 7.500000e-02 5.500000e-01
1.777811e-01 7.257895e-02 7.500000e-02 6.500000e-01
1.409314e-01 6.302653e-02 7.500000e-02 7.500000e-01
2.059873e-01 8.823285e-02 7.500000e-02 8.500000e-01
5.657142e-02 5.662916e-02 7.500000e-02 9.500000e-01
1.456383e-01 6.513155e-02 7.500000e-02 1.050000e+00
8.593972e-02 6.401020e-02 7.500000e-02 1.150000e+00
2.547113e-01 9.388826e-02 7.500000e-02 1.250000e+00
5.711434e-02 6.995474e-02 7.500000e-02 1.350000e+00
2.779176e-01 9.618838e-02 7.500000e-02 1.450000e+00
5.931175e-01 1.294293e-01 7.500000e-02 1.550000e+00
4.918884e-01 1.159395e-01 7.500000e-02 1.650000e+00
9.167396e-01 1.595843e-01 7.500000e-02 1.750000e+00
7.563749e-01 1.429417e-01 7.500000e-02 1.850000e+00
1.068994e+00 1.711766e-01 7.500000e-02 1.950000e+00
6.136551e-01 1.333866e-01 7.500000e-02 2.050000e+00
4.552339e-01 1.285430e-01 7.500000e-02 2.150000e+00
3.942840e-01 1.018040e-01 7.500000e-02 2.250000e+00
3.128127e-01 9.030154e-02 7.500000e-02 2.350000e+00
2.090282e-01 7.390287e-02 7.500000e-02 2.450000e+00
1.287306e-01 5.757023e-02 7.500000e-02 2.550000e+00
2.856322e-01 9.362767e-02 7.500000e-02 2.650000e+00
2.046042e-01 9.572422e-02 7.500000e-02 2.750000e+00
3.592964e-01 1.147844e-01 7.500000e-02 2.850000e+00
4.868896e-01 1.469859e-01 7.500000e-02 2.950000e+00
2.228815e-01 1.337587e-01 7.500000e-02 3.050000e+00
2.128606e-01 1.132737e-01 7.500000e-02 3.150000e+00
4.133624e-01 1.042703e-01 7.500000e-02 3.250000e+00
4.209544e-01 1.218924e-01 7.500000e-02 3.350000e+00
3.155203e-01 8.913938e-02 7.500000e-02 3.450000e+00
4.128371e-01 1.003597e-01 7.500000e-02 3.550000e+00
5.954030e-01 1.004987e-01 7.500000e-02 3.650000e+00
1.115552e+00 1.375302e-01 7.500000e-02 3.750000e+00
6.544568e-01 1.135521e-01 7.500000e-02 3.850000e+00
2.331848e-01 8.107240e-02 7.500000e-02 3.950000e+00
3.657175e-01 7.461909e-02 7.500000e-02 4.050000e+00
2.003186e-01 6.098371e-02 7.500000e-02 4.150000e+00
1.287840e-01 6.045887e-02 7.500000e-02 4.250000e+00
1.978075e-01 5.405409e-02 7.500000e-02 4.350000e+00
1.985714e-01 6.058577e-02 7.500000e-02 4.450000e+00
1.213361e-01 5.876511e-02 7.500000e-02 4.550000e+00
1.300050e-01 5.138550e-02 7.500000e-02 4.650000e+00
1.672329e-01 7.826082e-02 7.500000e-02 4.750000e+00
1.662003e-01 8.777410e-02 7.500000e-02 4.850000e+00
4.642438e-01 2.321226e-01 7.500000e-02 4.950000e+00
nan nan 7.500000e-02 5.050000e+00
nan nan 7.500000e-02 5.150000e+00
nan nan 7.500000e-02 5.250000e+00
nan nan 7.500000e-02 5.350000e+00
nan nan 7.500000e-02 5.450000e+00
nan nan 7.500000e-02 5.550000e+00
nan nan 7.500000e-02 5.650000e+00
nan nan 7.500000e-02 5.750000e+00
nan nan 7.500000e-02 5.850000e+00
nan nan 7.500000e-02 5.950000e+00
nan nan 7.500000e-02 6.050000e+00
nan nan 7.500000e-02 6.150000e+00
nan nan 7.500000e-02 6.250000e+00
nan nan 7.500000e-02 6.350000e+00
nan nan 7.500000e-02 6.450000e+00
nan nan 7.500000e-02 6.550000e+00
nan nan 7.500000e-02 6.650000e+00
nan nan 7.500000e-02 6.750000e+00
nan nan 7.500000e-02 6.850000e+00
nan nan 7.500000e-02 6.950000e+00
3.944133e+01 1.076253e+00 1.250000e-01 5.000000e-02
8.375754e+00 4.935467e-01 1.250000e-01 1.500000e-01
2.047039e+00 2.464349e-01 1.250000e-01 2.500000e-01
5.539601e-01 1.270873e-01 1.250000e-01 3.500000e-01
4.213802e-01 1.126189e-01 1.250000e-01 4.500000e-01
3.730027e-01 1.111096e-01 1.250000e-01 5.500000e-01
3.600544e-01 1.039390e-01 1.250000e-01 6.500000e-01
1.126320e-01 5.631609e-02 1.250000e-01 7.500000e-01
1.487530e-01 7.877093e-02 1.250000e-01 8.500000e-01
1.401615e-01 6.268227e-02 1.250000e-01 9.500000e-01
1.476326e-01 6.602355e-02 1.250000e-01 1.050000e+00
1.405602e-01 6.286068e-02 1.250000e-01 1.150000e+00
5.795922e-02 7.080709e-02 1.250000e-01 1.250000e+00
2.522664e-01 8.408900e-02 1.250000e-01 1.350000e+00
3.118630e-01 9.403039e-02 1.250000e-01 1.450000e+00
4.462288e-01 1.115575e-01 1.250000e-01 1.550000e+00
4.743470e-01 1.278518e-01 1.250000e-01 1.650000e+00
6.891395e-01 1.432415e-01 1.250000e-01 1.750000e+00
7.395228e-01 1.525164e-01 1.250000e-01 1.850000e+00
8.235917e-01 1.503670e-01 1.250000e-01 1.950000e+00
1.100483e+00 1.718671e-01 1.250000e-01 2.050000e+00
5.677975e-01 1.297149e-01 1.250000e-01 2.150000e+00
2.626708e-01 9.102456e-02 1.250000e-01 2.250000e+00
3.157216e-01 9.114139e-02 1.250000e-01 2.350000e+00
1.029276e-01 7.289126e-02 1.250000e-01 2.450000e+00
1.299746e-01 5.812666e-02 1.250000e-01 2.550000e+00
3.885002e-01 1.127997e-01 1.250000e-01 2.650000e+00
2.316384e-01 1.122460e-01 1.250000e-01 2.750000e+00
2.839407e-01 1.240968e-01 1.250000e-01 2.850000e+00
4.056942e-01 1.342335e-01 1.250000e-01 2.950000e+00
6.781213e-01 1.370042e-01 1.250000e-01 3.050000e+00
4.491534e-01 1.004342e-01 1.250000e-01 3.150000e+00
6.144073e-01 1.158399e-01 1.250000e-01 3.250000e+00
7.063234e-01 1.281026e-01 1.250000e-01 3.350000e+00
7.107933e-01 1.205049e-01 1.250000e-01 3.450000e+00
3.220699e-01 1.001001e-01 1.250000e-01 3.550000e+00
7.573533e-01 1.237228e-01 1.250000e-01 3.650000e+00
7.384517e-01 1.191518e-01 1.250000e-01 3.750000e+00
5.849277e-01 9.915198e-02 1.250000e-01 3.850000e+00
2.754498e-01 7.795405e-02 1.250000e-01 3.950000e+00
1.784366e-01 5.692969e-02 1.250000e-01 4.050000e+00
1.805956e-01 6.380528e-02 1.250000e-01 4.150000e+00
1.496301e-01 5.908643e-02 1.250000e-01 4.250000e+00
2.374917e-01 6.108998e-02 1.250000e-01 4.350000e+00
2.330493e-01 6.793226e-02 1.250000e-01 4.450000e+00
1.601175e-01 5.960286e-02 1.250000e-01 4.550000e+00
9.528770e-02 5.955893e-02 1.250000e-01 4.650000e+00
1.639334e-01 7.693406e-02 1.250000e-01 4.750000e+00
6.436374e-02 9.016200e-02 1.250000e-01 4.850000e+00
4.040435e-01 2.020230e-01 1.250000e-01 4.950000e+00
0.000000e+00 0.000000e+00 1.250000e-01 5.050000e+00
nan nan 1.250000e-01 5.150000e+00
nan nan 1.250000e-01 5.250000e+00
nan nan 1.250000e-01 5.350000e+00
nan nan 1.250000e-01 5.450000e+00
nan nan 1.250000e-01 5.550000e+00
nan nan 1.250000e-01 5.650000e+00
nan nan 1.250000e-01 5.750000e+00
nan nan 1.250000e-01 5.850000e+00
nan nan 1.250000e-01 5.950000e+00
nan nan 1.250000e-01 6.050000e+00
nan nan 1.250000e-01 6.150000e+00
nan nan 1.250000e-01 6.250000e+00
nan nan 1.250000e-01 6.350000e+00
nan nan 1.250000e-01 6.450000e+00
nan nan 1.250000e-01 6.550000e+00
nan nan 1.250000e-01 6.650000e+00
nan nan 1.250000e-01 6.750000e+00
nan nan 1.250000e-01 6.850000e+00
nan nan 1.250000e-01 6.950000e+00
3.515762e+01 1.007801e+00 1.750000e-01 5.000000e-02
8.928776e+00 5.172309e-01 1.750000e-01 1.500000e-01
1.420489e+00 2.029273e-01 1.750000e-01 2.500000e-01
5.383779e-01 1.268971e-01 1.750000e-01 3.500000e-01
4.065560e-01 1.086569e-01 1.750000e-01 4.500000e-01
5.382735e-01 1.268724e-01 1.750000e-01 5.500000e-01
2.352904e-01 9.308086e-02 1.750000e-01 6.500000e-01
8.846488e-02 7.778904e-02 1.750000e-01 7.500000e-01
1.474516e-01 6.594252e-02 1.750000e-01 8.500000e-01
2.867006e-02 4.993968e-02 1.750000e-01 9.500000e-01
2.356099e-01 8.330095e-02 1.750000e-01 1.050000e+00
2.285702e-01 8.081196e-02 1.750000e-01 1.150000e+00
5.856782e-02 7.165213e-02 1.750000e-01 1.250000e+00
8.460193e-02 6.312677e-02 1.750000e-01 1.350000e+00
1.433432e-01 6.410517e-02 1.750000e-01 1.450000e+00
2.227358e-01 9.647635e-02 1.750000e-01 1.550000e+00
2.548049e-01 9.391949e-02 1.750000e-01 1.650000e+00
4.674147e-01 1.133650e-01 1.750000e-01 1.750000e+00
3.909841e-01 1.044951e-01 1.750000e-01 1.850000e+00
8.692321e-01 1.536604e-01 1.750000e-01 1.950000e+00
7.894822e-01 1.516163e-01 1.750000e-01 2.050000e+00
7.512305e-01 1.419696e-01 1.750000e-01 2.150000e+00
4.255886e-01 1.129254e-01 1.750000e-01 2.250000e+00
4.202022e-01 1.113777e-01 1.750000e-01 2.350000e+00
1.820759e-01 7.803946e-02 1.750000e-01 2.450000e+00
3.139797e-01 9.796885e-02 1.750000e-01 2.550000e+00
1.536459e-01 1.026727e-01 1.750000e-01 2.650000e+00
2.851476e-01 1.346142e-01 1.750000e-01 2.750000e+00
2.302995e-01 1.228568e-01 1.750000e-01 2.850000e+00
3.232273e-01 1.025379e-01 1.750000e-01 2.950000e+00
4.399872e-01 1.009403e-01 1.750000e-01 3.050000e+00
6.971875e-01 1.213654e-01 1.750000e-01 3.150000e+00
6.458644e-01 1.190697e-01 1.750000e-01 3.250000e+00
5.649755e-01 1.167172e-01 1.750000e-01 3.350000e+00
3.834795e-01 1.045584e-01 1.750000e-01 3.450000e+00
6.419380e-01 1.144893e-01 1.750000e-01 3.550000e+00
6.324931e-01 1.202120e-01 1.750000e-01 3.650000e+00
8.667346e-01 1.178677e-01 1.750000e-01 3.750000e+00
4.419305e-01 9.548437e-02 1.750000e-01 3.850000e+00
2.501401e-01 7.625641e-02 1.750000e-01 3.950000e+00
2.830539e-01 7.506097e-02 1.750000e-01 4.050000e+00
1.605168e-01 6.290865e-02 1.750000e-01 4.150000e+00
1.014811e-01 6.417961e-02 1.750000e-01 4.250000e+00
3.154148e-01 6.517526e-02 1.750000e-01 4.350000e+00
1.715779e-01 4.984850e-02 1.750000e-01 4.450000e+00
1.983301e-01 6.329302e-02 1.750000e-01 4.550000e+00
6.304520e-02 5.448672e-02 1.750000e-01 4.650000e+00
1.813562e-01 7.770696e-02 1.750000e-01 4.750000e+00
9.158575e-02 1.008547e-01 1.750000e-01 4.850000e+00
8.695446e-02 8.695446e-02 1.750000e-01 4.950000e+00
0.000000e+00 0.000000e+00 1.750000e-01 5.050000e+00
nan nan 1.750000e-01 5.150000e+00
nan nan 1.750000e-01 5.250000e+00
nan nan 1.750000e-01 5.350000e+00
nan nan 1.750000e-01 5.450000e+00
nan nan 1.750000e-01 5.550000e+00
nan nan 1.750000e-01 5.650000e+00
nan nan 1.750000e-01 5.750000e+00
nan nan 1.750000e-01 5.850000e+00
nan nan 1.750000e-01 5.950000e+00
nan nan 1.750000e-01 6.050000e+00
nan nan 1.750000e-01 6.150000e+00
nan nan 1.750000e-01 6.250000e+00
nan nan 1.750000e-01 6.350000e+00
nan nan 1.750000e-01 6.450000e+00
nan nan 1.750000e-01 6.550000e+00
nan nan 1.750000e-01 6.650000e+00
nan nan 1.750000e-01 6.750000e+00
nan nan 1.750000e-01 6.850000e+00
nan nan 1.750000e-01 6.950000e+00
3.264775e+01 9.738022e-01 2.250000e-01 5.000000e-02
8.898109e+00 5.207233e-01 2.250000e-01 1.500000e-01
1.245558e+00 1.899463e-01 2.250000e-01 2.500000e-01
6.112650e-01 1.366831e-01 2.250000e-01 3.500000e-01
3.753420e-01 1.041013e-01 2.250000e-01 4.500000e-01
3.655691e-01 1.055309e-01 2.250000e-01 5.500000e-01
8.659158e-02 4.999379e-02 2.250000e-01 6.500000e-01
1.211002e-01 6.055016e-02 2.250000e-01 7.500000e-01
1.447698e-01 6.474321e-02 2.250000e-01 8.500000e-01
1.190220e-01 5.951107e-02 2.250000e-01 9.500000e-01
8.693779e-02 6.476623e-02 2.250000e-01 1.050000e+00
-2.932706e-02 2.932706e-02 2.250000e-01 1.150000e+00
1.439035e-01 6.435585e-02 2.250000e-01 1.250000e+00
8.682766e-02 5.013005e-02 2.250000e-01 1.350000e+00
5.696919e-02 4.028341e-02 2.250000e-01 1.450000e+00
8.576004e-02 4.951363e-02 2.250000e-01 1.550000e+00
1.688467e-01 6.893162e-02 2.250000e-01 1.650000e+00
2.799809e-01 8.853808e-02 2.250000e-01 1.750000e+00
4.197976e-01 1.083915e-01 2.250000e-01 1.850000e+00
7.655627e-01 1.446781e-01 2.250000e-01 1.950000e+00
7.700782e-01 1.455316e-01 2.250000e-01 2.050000e+00
7.250402e-01 1.395345e-01 2.250000e-01 2.150000e+00
3.773831e-01 1.143410e-01 2.250000e-01 2.250000e+00
2.369915e-01 1.148793e-01 2.250000e-01 2.350000e+00
2.378504e-01 1.023005e-01 2.250000e-01 2.450000e+00
7.756641e-02 1.349862e-01 2.250000e-01 2.550000e+00
3.105038e-01 1.097859e-01 2.250000e-01 2.650000e+00
3.098438e-01 1.095318e-01 2.250000e-01 2.750000e+00
4.689978e-01 1.234007e-01 2.250000e-01 2.850000e+00
4.492584e-01 1.083665e-01 2.250000e-01 2.950000e+00
3.699358e-01 1.088809e-01 2.250000e-01 3.050000e+00
5.824703e-01 1.317405e-01 2.250000e-01 3.150000e+00
3.940591e-01 1.109743e-01 2.250000e-01 3.250000e+00
5.720546e-01 1.130557e-01 2.250000e-01 3.350000e+00
4.873055e-01 1.180852e-01 2.250000e-01 3.450000e+00
6.821276e-01 1.156267e-01 2.250000e-01 3.550000e+00
8.359807e-01 1.280684e-01 2.250000e-01 3.650000e+00
5.648323e-01 1.130902e-01 2.250000e-01 3.750000e+00
4.164131e-01 8.917524e-02 2.250000e-01 3.850000e+00
4.793502e-01 8.695717e-02 2.250000e-01 3.950000e+00
4.174797e-01 7.826399e-02 2.250000e-01 4.050000e+00
4.097109e-01 8.024876e-02 2.250000e-01 4.150000e+00
3.406530e-01 6.919135e-02 2.250000e-01 4.250000e+00
2.720957e-01 5.967945e-02 2.250000e-01 4.350000e+00
1.573079e-01 5.734673e-02 2.250000e-01 4.450000e+00
1.547405e-01 6.330544e-02 2.250000e-01 4.550000e+00
1.536682e-01 6.131466e-02 2.250000e-01 4.650000e+00
3.889815e-01 8.697947e-02 2.250000e-01 4.750000e+00
1.139936e-01 8.047602e-02 2.250000e-01 4.850000e+00
-7.273548e-02 1.243061e-01 2.250000e-01 4.950000e+00
0.000000e+00 0.000000e+00 2.250000e-01 5.050000e+00
nan nan 2.250000e-01 5.150000e+00
nan nan 2.250000e-01 5.250000e+00
nan nan 2.250000e-01 5.350000e+00
nan nan 2.250000e-01 5.450000e+00
nan nan 2.250000e-01 5.550000e+00
nan nan 2.250000e-01 5.650000e+00
nan nan 2.250000e-01 5.750000e+00
nan nan 2.250000e-01 5.850000e+00
nan nan 2.250000e-01 5.950000e+00
nan nan 2.250000e-01 6.050000e+00
nan nan 2.250000e-01 6.150000e+00
nan nan 2.250000e-01 6.250000e+00
nan nan 2.250000e-01 6.350000e+00
nan nan 2.250000e-01 6.450000e+00
nan nan 2.250000e-01 6.550000e+00
nan nan 2.250000e-01 6.650000e+00
nan nan 2.250000e-01 6.750000e+00
nan nan 2.250000e-01 6.850000e+00
nan nan 2.250000e-01 6.950000e+00
3.507313e+01 1.025809e+00 2.750000e-01 5.000000e-02
8.396110e+00 5.072282e-01 2.750000e-01 1.500000e-01
1.184326e+00 1.918938e-01 2.750000e-01 2.500000e-01
6.136591e-01 1.438946e-01 2.750000e-01 3.500000e-01
3.805991e-01 1.207239e-01 2.750000e-01 4.500000e-01
3.359757e-01 1.013006e-01 2.750000e-01 5.500000e-01
3.196348e-01 9.637365e-02 2.750000e-01 6.500000e-01
1.213560e-01 6.067812e-02 2.750000e-01 7.500000e-01
5.819808e-02 4.115226e-02 2.750000e-01 8.500000e-01
1.499716e-01 6.706946e-02 2.750000e-01 9.500000e-01
8.680009e-02 5.011415e-02 2.750000e-01 1.050000e+00
1.478036e-01 6.609989e-02 2.750000e-01 1.150000e+00
1.152935e-01 7.056739e-02 2.750000e-01 1.250000e+00
2.055121e-01 7.767654e-02 2.750000e-01 1.350000e+00
0.000000e+00 0.000000e+00 2.750000e-01 1.450000e+00
2.035966e-01 7.695239e-02 2.750000e-01 1.550000e+00
1.689728e-01 8.904761e-02 2.750000e-01 1.650000e+00
3.708755e-01 1.028628e-01 2.750000e-01 1.750000e+00
3.610479e-01 1.001369e-01 2.750000e-01 1.850000e+00
3.072493e-01 1.082145e-01 2.750000e-01 1.950000e+00
4.101563e-01 1.059022e-01 2.750000e-01 2.050000e+00
3.294765e-01 9.511209e-02 2.750000e-01 2.150000e+00
6.178905e-01 1.342807e-01 2.750000e-01 2.250000e+00
2.406966e-01 1.227524e-01 2.750000e-01 2.350000e+00
4.750432e-01 1.493721e-01 2.750000e-01 2.450000e+00
2.866059e-01 1.135216e-01 2.750000e-01 2.550000e+00
3.651779e-01 1.329810e-01 2.750000e-01 2.650000e+00
2.717728e-01 9.565666e-02 2.750000e-01 2.750000e+00
2.353119e-01 7.441239e-02 2.750000e-01 2.850000e+00
1.977255e-01 9.061469e-02 2.750000e-01 2.950000e+00
4.336399e-01 1.073010e-01 2.750000e-01 3.050000e+00
5.053294e-01 1.099029e-01 2.750000e-01 3.150000e+00
3.879193e-01 8.857891e-02 2.750000e-01 3.250000e+00
5.200102e-01 1.091138e-01 2.750000e-01 3.350000e+00
4.389910e-01 9.123851e-02 2.750000e-01 3.450000e+00
7.701540e-01 1.198118e-01 2.750000e-01 3.550000e+00
8.445531e-01 1.354889e-01 2.750000e-01 3.650000e+00
6.334539e-01 1.097573e-01 2.750000e-01 3.750000e+00
3.168601e-01 8.924202e-02 2.750000e-01 3.850000e+00
3.419459e-01 7.807846e-02 2.750000e-01 3.950000e+00
2.653568e-01 7.749103e-02 2.750000e-01 4.050000e+00
4.098402e-01 7.624269e-02 2.750000e-01 4.150000e+00
2.107140e-01 5.960674e-02 2.750000e-01 4.250000e+00
3.101312e-01 6.252032e-02 2.750000e-01 4.350000e+00
1.990673e-01 5.644497e-02 2.750000e-01 4.450000e+00
1.769274e-01 5.649882e-02 2.750000e-01 4.550000e+00
1.043241e-01 5.784592e-02 2.750000e-01 4.650000e+00
2.047743e-01 8.110012e-02 2.750000e-01 4.750000e+00
1.330217e-01 7.033476e-02 2.750000e-01 4.850000e+00
1.188960e-01 1.193319e-01 2.750000e-01 4.950000e+00
0.000000e+00 0.000000e+00 2.750000e-01 5.050000e+00
nan nan 2.750000e-01 5.150000e+00
nan nan 2.750000e-01 5.250000e+00
nan nan 2.750000e-01 5.350000e+00
nan nan 2.750000e-01 5.450000e+00
nan nan 2.750000e-01 5.550000e+00
nan nan 2.750000e-01 5.650000e+00
nan nan 2.750000e-01 5.750000e+00
nan nan 2.750000e-01 5.850000e+00
nan nan 2.750000e-01 5.950000e+00
nan nan 2.750000e-01 6.050000e+00
nan nan 2.750000e-01 6.150000e+00
nan nan 2.750000e-01 6.250000e+00
nan nan 2.750000e-01 6.350000e+00
nan nan 2.750000e-01 6.450000e+00
nan nan 2.750000e-01 6.550000e+00
nan nan 2.750000e-01 6.650000e+00
nan nan 2.750000e-01 6.750000e+00
nan nan 2.750000e-01 6.850000e+00
nan nan 2.750000e-01 6.950000e+00
2.950335e+01 9.562106e-01 3.250000e-01 5.000000e-02
8.431696e+00 5.038454e-01 3.250000e-01 1.500000e-01
1.360864e+00 2.051584e-01 3.250000e-01 2.500000e-01
9.545896e-01 1.739327e-01 3.250000e-01 3.500000e-01
5.199161e-01 1.260985e-01 3.250000e-01 4.500000e-01
2.674183e-01 9.856186e-02 3.250000e-01 5.500000e-01
2.407440e-01 8.511589e-02 3.250000e-01 6.500000e-01
1.782067e-01 7.275285e-02 3.250000e-01 7.500000e-01
8.934501e-02 6.659009e-02 3.250000e-01 8.500000e-01
8.841446e-02 5.104620e-02 3.250000e-01 9.500000e-01
1.478730e-01 6.613090e-02 3.250000e-01 1.050000e+00
-5.883191e-05 5.843787e-02 3.250000e-01 1.150000e+00
9.636344e-05 4.157361e-02 3.250000e-01 1.250000e+00
8.674055e-02 5.007969e-02 3.250000e-01 1.350000e+00
2.920887e-02 2.920887e-02 3.250000e-01 1.450000e+00
1.730506e-01 7.064784e-02 3.250000e-01 1.550000e+00
8.619634e-02 6.429365e-02 3.250000e-01 1.650000e+00
2.000744e-01 7.562110e-02 3.250000e-01 1.750000e+00
4.507035e-01 1.195538e-01 3.250000e-01 1.850000e+00
2.793055e-01 8.832443e-02 3.250000e-01 1.950000e+00
3.890751e-01 1.039851e-01 3.250000e-01 2.050000e+00
4.409691e-01 1.458815e-01 3.250000e-01 2.150000e+00
4.348938e-01 1.386139e-01 3.250000e-01 2.250000e+00
4.087449e-01 1.414714e-01 3.250000e-01 2.350000e+00
4.510265e-01 1.216590e-01 3.250000e-01 2.450000e+00
3.920731e-01 1.253682e-01 3.250000e-01 2.550000e+00
2.969087e-01 1.048747e-01 3.250000e-01 2.650000e+00
4.455248e-01 1.022107e-01 3.250000e-01 2.750000e+00
3.079454e-01 1.077701e-01 3.250000e-01 2.850000e+00
3.714094e-01 9.681666e-02 3.250000e-01 2.950000e+00
2.986372e-01 9.948892e-02 3.250000e-01 3.050000e+00
4.377106e-01 1.025109e-01 3.250000e-01 3.150000e+00
4.810292e-01 1.079423e-01 3.250000e-01 3.250000e+00
3.798979e-01 9.047219e-02 3.250000e-01 3.350000e+00
6.902053e-01 1.160912e-01 3.250000e-01 3.450000e+00
9.684910e-01 1.405230e-01 3.250000e-01 3.550000e+00
8.587927e-01 1.293718e-01 3.250000e-01 3.650000e+00
6.099062e-01 1.157008e-01 3.250000e-01 3.750000e+00
3.513908e-01 9.795270e-02 3.250000e-01 3.850000e+00
2.902627e-01 8.461738e-02 3.250000e-01 3.950000e+00
3.121735e-01 7.811127e-02 3.250000e-01 4.050000e+00
3.086834e-01 7.709290e-02 3.250000e-01 4.150000e+00
3.152328e-01 6.428849e-02 3.250000e-01 4.250000e+00
2.084007e-01 6.211917e-02 3.250000e-01 4.350000e+00
2.057117e-01 5.829865e-02 3.250000e-01 4.450000e+00
2.713218e-01 7.403025e-02 3.250000e-01 4.550000e+00
1.878386e-01 6.299001e-02 3.250000e-01 4.650000e+00
2.314108e-01 7.772242e-02 3.250000e-01 4.750000e+00
1.716105e-01 7.353832e-02 3.250000e-01 4.850000e+00
4.888368e-02 4.888369e-02 3.250000e-01 4.950000e+00
-4.298869e-01 4.298869e-01 3.250000e-01 5.050000e+00
nan nan 3.250000e-01 5.150000e+00
nan nan 3.250000e-01 5.250000e+00
nan nan 3.250000e-01 5.350000e+00
nan nan 3.250000e-01 5.450000e+00
nan nan 3.250000e-01 5.550000e+00
nan nan 3.250000e-01 5.650000e+00
nan nan 3.250000e-01 5.750000e+00
nan nan 3.250000e-01 5.850000e+00
nan nan 3.250000e-01 5.950000e+00
nan nan 3.250000e-01 6.050000e+00
nan nan 3.250000e-01 6.150000e+00
nan nan 3.250000e-01 6.250000e+00
nan nan 3.250000e-01 6.350000e+00
nan nan 3.250000e-01 6.450000e+00
nan nan 3.250000e-01 6.550000e+00
nan nan 3.250000e-01 6.650000e+00
nan nan 3.250000e-01 6.750000e+00
nan nan 3.250000e-01 6.850000e+00
nan nan 3.250000e-01 6.950000e+00
2.845888e+01 9.486311e-01 3.750000e-01 5.000000e-02
8.212917e+00 4.916952e-01 3.750000e-01 1.500000e-01
1.194188e+00 1.937233e-01 3.750000e-01 2.500000e-01
8.215937e-01 1.552669e-01 3.750000e-01 3.500000e-01
2.804442e-01 1.123323e-01 3.750000e-01 4.500000e-01
2.648760e-01 8.829221e-02 3.750000e-01 5.500000e-01
2.453445e-01 8.674247e-02 3.750000e-01 6.500000e-01
1.468086e-01 6.565491e-02 3.750000e-01 7.500000e-01
9.087922e-02 5.246917e-02 3.750000e-01 8.500000e-01
8.824594e-02 6.578019e-02 3.750000e-01 9.500000e-01
5.988039e-02 6.001663e-02 3.750000e-01 1.050000e+00
2.933133e-02 5.072243e-02 3.750000e-01 1.150000e+00
2.082677e-01 8.930628e-02 3.750000e-01 1.250000e+00
5.793324e-02 7.100411e-02 3.750000e-01 1.350000e+00
-6.902834e-05 5.892212e-02 3.750000e-01 1.450000e+00
5.730000e-02 4.051723e-02 3.750000e-01 1.550000e+00
2.900718e-02 6.529910e-02 3.750000e-01 1.650000e+00
1.429831e-01 7.562246e-02 3.750000e-01 1.750000e+00
5.738986e-02 4.058100e-02 3.750000e-01 1.850000e+00
3.104480e-01 1.017244e-01 3.750000e-01 1.950000e+00
3.403132e-01 1.060922e-01 3.750000e-01 2.050000e+00
4.673164e-01 1.530328e-01 3.750000e-01 2.150000e+00
3.608766e-01 1.145813e-01 3.750000e-01 2.250000e+00
3.802176e-01 1.274435e-01 3.750000e-01 2.350000e+00
2.125310e-01 9.204063e-02 3.750000e-01 2.450000e+00
3.531525e-01 9.438423e-02 3.750000e-01 2.550000e+00
3.035958e-01 9.642432e-02 3.750000e-01 2.650000e+00
1.992471e-01 1.011272e-01 3.750000e-01 2.750000e+00
3.504012e-01 9.892642e-02 3.750000e-01 2.850000e+00
1.994817e-01 9.760185e-02 3.750000e-01 2.950000e+00
1.742991e-01 8.882138e-02 3.750000e-01 3.050000e+00
4.235493e-01 1.122350e-01 3.750000e-01 3.150000e+00
3.376394e-01 9.572192e-02 3.750000e-01 3.250000e+00
4.936060e-01 9.841020e-02 3.750000e-01 3.350000e+00
4.998004e-01 1.041248e-01 3.750000e-01 3.450000e+00
9.265006e-01 1.343051e-01 3.750000e-01 3.550000e+00
8.665542e-01 1.213427e-01 3.750000e-01 3.650000e+00
4.099789e-01 9.958649e-02 3.750000e-01 3.750000e+00
4.212409e-01 9.733403e-02 3.750000e-01 3.850000e+00
4.580197e-01 1.012817e-01 3.750000e-01 3.950000e+00
2.777225e-01 7.347637e-02 3.750000e-01 4.050000e+00
2.798096e-01 6.488061e-02 3.750000e-01 4.150000e+00
2.703980e-01 7.805381e-02 3.750000e-01 4.250000e+00
2.521984e-01 5.793204e-02 3.750000e-01 4.350000e+00
2.208022e-01 6.041388e-02 3.750000e-01 4.450000e+00
2.384685e-01 5.843282e-02 3.750000e-01 4.550000e+00
5.552311e-02 5.551782e-02 3.750000e-01 4.650000e+00
1.190763e-01 7.009170e-02 3.750000e-01 4.750000e+00
2.050170e-01 8.213041e-02 3.750000e-01 4.850000e+00
8.155569e-02 5.766871e-02 3.750000e-01 4.950000e+00
0.000000e+00 0.000000e+00 3.750000e-01 5.050000e+00
nan nan 3.750000e-01 5.150000e+00
nan nan 3.750000e-01 5.250000e+00
nan nan 3.750000e-01 5.350000e+00
nan nan 3.750000e-01 5.450000e+00
nan nan 3.750000e-01 5.550000e+00
nan nan 3.750000e-01 5.650000e+00
nan nan 3.750000e-01 5.750000e+00
nan nan 3.750000e-01 5.850000e+00
nan nan 3.750000e-01 5.950000e+00
nan nan 3.750000e-01 6.050000e+00
nan nan 3.750000e-01 6.150000e+00
nan nan 3.750000e-01 6.250000e+00
nan nan 3.750000e-01 6.350000e+00
nan nan 3.750000e-01 6.450000e+00
nan nan 3.750000e-01 6.550000e+00
nan nan 3.750000e-01 6.650000e+00
nan nan 3.750000e-01 6.750000e+00
nan nan 3.750000e-01 6.850000e+00
nan nan 3.750000e-01 6.950000e+00
2.854382e+01 9.390243e-01 4.250000e-01 5.000000e-02
6.421232e+00 4.420565e-01 4.250000e-01 1.500000e-01
1.415024e+00 2.131110e-01 4.250000e-01 2.500000e-01
5.765347e-01 1.322664e-01 4.250000e-01 3.500000e-01
5.807845e-01 1.332414e-01 4.250000e-01 4.500000e-01
3.326026e-01 1.002836e-01 4.250000e-01 5.500000e-01
3.026153e-01 9.569550e-02 4.250000e-01 6.500000e-01
1.508154e-01 6.744678e-02 4.250000e-01 7.500000e-01
1.498117e-01 6.699796e-02 4.250000e-01 8.500000e-01
6.012346e-02 7.371633e-02 4.250000e-01 9.500000e-01
8.868044e-02 5.119975e-02 4.250000e-01 1.050000e+00
3.008397e-02 3.008397e-02 4.250000e-01 1.150000e+00
5.871251e-02 5.878928e-02 4.250000e-01 1.250000e+00
2.983124e-02 2.983124e-02 4.250000e-01 1.350000e+00
8.759405e-02 5.057250e-02 4.250000e-01 1.450000e+00
-2.934290e-02 2.934290e-02 4.250000e-01 1.550000e+00
2.878540e-02 4.997535e-02 4.250000e-01 1.650000e+00
2.033945e-01 7.687606e-02 4.250000e-01 1.750000e+00
2.278459e-01 9.010712e-02 4.250000e-01 1.850000e+00
1.736989e-01 9.987483e-02 4.250000e-01 1.950000e+00
3.101636e-01 1.093390e-01 4.250000e-01 2.050000e+00
1.974335e-01 1.092245e-01 4.250000e-01 2.150000e+00
1.392993e-01 1.212871e-01 4.250000e-01 2.250000e+00
2.146184e-01 9.294625e-02 4.250000e-01 2.350000e+00
5.164411e-01 1.154804e-01 4.250000e-01 2.450000e+00
2.617228e-01 7.891286e-02 4.250000e-01 2.550000e+00
2.912159e-01 1.121010e-01 4.250000e-01 2.650000e+00
2.698856e-01 9.518122e-02 4.250000e-01 2.750000e+00
1.403621e-01 7.229754e-02 4.250000e-01 2.850000e+00
3.120867e-01 1.067444e-01 4.250000e-01 2.950000e+00
3.104718e-01 9.095198e-02 4.250000e-01 3.050000e+00
2.324297e-01 8.650988e-02 4.250000e-01 3.150000e+00
2.286352e-01 8.094218e-02 4.250000e-01 3.250000e+00
4.823367e-01 1.049451e-01 4.250000e-01 3.350000e+00
4.529354e-01 9.411730e-02 4.250000e-01 3.450000e+00
7.412190e-01 1.320311e-01 4.250000e-01 3.550000e+00
8.916996e-01 1.283699e-01 4.250000e-01 3.650000e+00
3.324520e-01 9.415172e-02 4.250000e-01 3.750000e+00
3.665293e-01 8.871109e-02 4.250000e-01 3.850000e+00
4.372617e-01 1.033479e-01 4.250000e-01 3.950000e+00
3.546811e-01 8.642996e-02 4.250000e-01 4.050000e+00
4.470418e-01 8.315838e-02 4.250000e-01 4.150000e+00
2.343198e-01 6.412870e-02 4.250000e-01 4.250000e+00
3.212351e-01 6.946542e-02 4.250000e-01 4.350000e+00
2.664845e-01 5.610272e-02 4.250000e-01 4.450000e+00
2.311034e-01 6.538385e-02 4.250000e-01 4.550000e+00
1.469485e-01 6.675386e-02 4.250000e-01 4.650000e+00
2.116643e-01 7.094769e-02 4.250000e-01 4.750000e+00
2.115019e-01 8.478244e-02 4.250000e-01 4.850000e+00
1.724258e-01 7.711202e-02 4.250000e-01 4.950000e+00
1.332015e-01 1.332015e-01 4.250000e-01 5.050000e+00
nan nan 4.250000e-01 5.150000e+00
nan nan 4.250000e-01 5.250000e+00
nan nan 4.250000e-01 5.350000e+00
nan nan 4.250000e-01 5.450000e+00
nan nan 4.250000e-01 5.550000e+00
nan nan 4.250000e-01 5.650000e+00
nan nan 4.250000e-01 5.750000e+00
nan nan 4.250000e-01 5.850000e+00
nan nan 4.250000e-01 5.950000e+00
nan nan 4.250000e-01 6.050000e+00
nan nan 4.250000e-01 6.150000e+00
nan nan 4.250000e-01 6.250000e+00
nan nan 4.250000e-01 6.350000e+00
nan nan 4.250000e-01 6.450000e+00
nan nan 4.250000e-01 6.550000e+00
nan nan 4.250000e-01 6.650000e+00
nan nan 4.250000e-01 6.750000e+00
nan nan 4.250000e-01 6.850000e+00
nan nan 4.250000e-01 6.950000e+00
2.850432e+01 9.307006e-01 4.750000e-01 5.000000e-02
7.389120e+00 4.830427e-01 4.750000e-01 1.500000e-01
1.414479e+00 2.063233e-01 4.750000e-01 2.500000e-01
1.062210e+00 1.976267e-01 4.750000e-01 3.500000e-01
4.497992e-01 1.236886e-01 4.750000e-01 4.500000e-01
3.710369e-01 1.156731e-01 4.750000e-01 5.500000e-01
1.796001e-01 8.462293e-02 4.750000e-01 6.500000e-01
3.041918e-02 5.307841e-02 4.750000e-01 7.500000e-01
2.977217e-02 2.977216e-02 4.750000e-01 8.500000e-01
-3.033724e-02 5.277612e-02 4.750000e-01 9.500000e-01
5.948646e-02 5.937453e-02 4.750000e-01 1.050000e+00
6.024736e-02 4.260137e-02 4.750000e-01 1.150000e+00
5.887219e-02 4.162900e-02 4.750000e-01 1.250000e+00
5.954132e-02 4.210210e-02 4.750000e-01 1.350000e+00
5.861673e-02 4.144848e-02 4.750000e-01 1.450000e+00
5.885129e-02 4.161418e-02 4.750000e-01 1.550000e+00
1.451497e-01 6.491299e-02 4.750000e-01 1.650000e+00
-5.150385e-05 4.133494e-02 4.750000e-01 1.750000e+00
2.023033e-01 1.190809e-01 4.750000e-01 1.850000e+00
2.605290e-01 9.596134e-02 4.750000e-01 1.950000e+00
-5.673826e-02 1.202668e-01 4.750000e-01 2.050000e+00
1.720464e-01 1.147469e-01 4.750000e-01 2.150000e+00
2.191536e-01 9.473076e-02 4.750000e-01 2.250000e+00
1.576871e-01 6.437575e-02 4.750000e-01 2.350000e+00
1.926371e-01 8.332718e-02 4.750000e-01 2.450000e+00
2.725627e-01 9.642753e-02 4.750000e-01 2.550000e+00
2.528140e-01 8.429757e-02 4.750000e-01 2.650000e+00
1.625504e-01 8.126828e-02 4.750000e-01 2.750000e+00
1.778863e-01 7.649439e-02 4.750000e-01 2.850000e+00
1.962878e-01 8.784008e-02 4.750000e-01 2.950000e+00
9.745493e-02 6.472575e-02 4.750000e-01 3.050000e+00
2.135212e-01 7.987871e-02 4.750000e-01 3.150000e+00
2.315983e-01 7.719894e-02 4.750000e-01 3.250000e+00
3.969701e-01 1.118459e-01 4.750000e-01 3.350000e+00
5.137916e-01 1.037369e-01 4.750000e-01 3.450000e+00
1.236571e+00 1.551596e-01 4.750000e-01 3.550000e+00
7.343467e-01 1.211054e-01 4.750000e-01 3.650000e+00
4.748539e-01 1.073655e-01 4.750000e-01 3.750000e+00
1.304837e-01 7.268224e-02 4.750000e-01 3.850000e+00
2.623155e-01 8.007664e-02 4.750000e-01 3.950000e+00
3.055681e-01 7.271115e-02 4.750000e-01 4.050000e+00
2.991740e-01 7.447936e-02 4.750000e-01 4.150000e+00
2.932604e-01 6.700035e-02 4.750000e-01 4.250000e+00
4.925124e-01 7.865962e-02 4.750000e-01 4.350000e+00
3.560773e-01 6.665080e-02 4.750000e-01 4.450000e+00
3.042869e-01 6.472396e-02 4.750000e-01 4.550000e+00
1.938568e-01 6.963680e-02 4.750000e-01 4.650000e+00
2.630288e-01 8.307908e-02 4.750000e-01 4.750000e+00
7.907851e-02 6.252171e-02 4.750000e-01 4.850000e+00
5.899669e-02 7.260092e-02 4.750000e-01 4.950000e+00
1.701712e-01 1.693753e-01 4.750000e-01 5.050000e+00
0.000000e+00 0.000000e+00 4.750000e-01 5.150000e+00
nan nan 4.750000e-01 5.250000e+00
nan nan 4.750000e-01 5.350000e+00
nan nan 4.750000e-01 5.450000e+00
nan nan 4.750000e-01 5.550000e+00
nan nan 4.750000e-01 5.650000e+00
nan nan 4.750000e-01 5.750000e+00
nan nan 4.750000e-01 5.850000e+00
nan nan 4.750000e-01 5.950000e+00
nan nan 4.750000e-01 6.050000e+00
nan nan 4.750000e-01 6.150000e+00
nan nan 4.750000e-01 6.250000e+00
nan nan 4.750000e-01 6.350000e+00
nan nan 4.750000e-01 6.450000e+00
nan nan 4.750000e-01 6.550000e+00
nan nan 4.750000e-01 6.650000e+00
nan nan 4.750000e-01 6.750000e+00
nan nan 4.750000e-01 6.850000e+00
nan nan 4.750000e-01 6.950000e+00
2.923768e+01 9.397361e-01 5.250000e-01 5.000000e-02
8.178042e+00 5.071814e-01 5.250000e-01 1.500000e-01
1.737370e+00 2.301208e-01 5.250000e-01 2.500000e-01
5.591552e-01 1.389434e-01 5.250000e-01 3.500000e-01
3.975281e-01 1.102546e-01 5.250000e-01 4.500000e-01
3.366104e-01 1.103783e-01 5.250000e-01 5.500000e-01
1.840719e-01 8.678138e-02 5.250000e-01 6.500000e-01
1.812050e-01 7.397677e-02 5.250000e-01 7.500000e-01
6.144267e-02 4.344678e-02 5.250000e-01 8.500000e-01
1.790495e-01 7.309671e-02 5.250000e-01 9.500000e-01
6.124084e-02 4.330382e-02 5.250000e-01 1.050000e+00
8.913437e-02 5.146176e-02 5.250000e-01 1.150000e+00
3.023260e-02 5.238289e-02 5.250000e-01 1.250000e+00
-2.948785e-02 2.948785e-02 5.250000e-01 1.350000e+00
0.000000e+00 0.000000e+00 5.250000e-01 1.450000e+00
5.857838e-02 5.845933e-02 5.250000e-01 1.550000e+00
5.921234e-02 5.941124e-02 5.250000e-01 1.650000e+00
1.154658e-01 8.161680e-02 5.250000e-01 1.750000e+00
1.178832e-01 7.210265e-02 5.250000e-01 1.850000e+00
1.713440e-01 9.884987e-02 5.250000e-01 1.950000e+00
-2.617923e-04 1.006162e-01 5.250000e-01 2.050000e+00
2.198187e-01 7.771787e-02 5.250000e-01 2.150000e+00
2.124371e-01 7.510808e-02 5.250000e-01 2.250000e+00
1.470995e-01 6.930273e-02 5.250000e-01 2.350000e+00
4.399588e-01 1.157516e-01 5.250000e-01 2.450000e+00
4.750789e-01 1.012876e-01 5.250000e-01 2.550000e+00
3.125191e-01 8.590071e-02 5.250000e-01 2.650000e+00
2.026242e-01 9.915785e-02 5.250000e-01 2.750000e+00
1.195458e-01 8.920623e-02 5.250000e-01 2.850000e+00
1.580364e-01 8.383100e-02 5.250000e-01 2.950000e+00
2.153791e-01 8.074740e-02 5.250000e-01 3.050000e+00
2.141843e-01 8.032621e-02 5.250000e-01 3.150000e+00
2.330966e-01 7.760503e-02 5.250000e-01 3.250000e+00
2.878766e-01 9.596579e-02 5.250000e-01 3.350000e+00
5.042135e-01 1.072263e-01 5.250000e-01 3.450000e+00
9.096212e-01 1.431445e-01 5.250000e-01 3.550000e+00
5.680200e-01 1.228729e-01 5.250000e-01 3.650000e+00
2.917769e-01 9.565835e-02 5.250000e-01 3.750000e+00
2.486757e-01 7.947499e-02 5.250000e-01 3.850000e+00
2.377453e-01 6.907778e-02 5.250000e-01 3.950000e+00
2.398617e-01 8.748514e-02 5.250000e-01 4.050000e+00
2.514889e-01 6.845988e-02 5.250000e-01 4.150000e+00
3.590722e-01 7.903906e-02 5.250000e-01 4.250000e+00
3.613482e-01 6.961513e-02 5.250000e-01 4.350000e+00
3.366032e-01 7.289589e-02 5.250000e-01 4.450000e+00
3.418668e-01 6.646777e-02 5.250000e-01 4.550000e+00
3.495670e-01 7.887883e-02 5.250000e-01 4.650000e+00
1.821574e-01 6.802003e-02 5.250000e-01 4.750000e+00
1.699267e-01 7.781264e-02 5.250000e-01 4.850000e+00
2.404098e-01 8.860116e-02 5.250000e-01 4.950000e+00
4.170577e-01 1.576335e-01 5.250000e-01 5.050000e+00
0.000000e+00 0.000000e+00 5.250000e-01 5.150000e+00
nan nan 5.250000e-01 5.250000e+00
nan nan 5.250000e-01 5.350000e+00
nan nan 5.250000e-01 5.450000e+00
nan nan 5.250000e-01 5.550000e+00
nan nan 5.250000e-01 5.650000e+00
nan nan 5.250000e-01 5.750000e+00
nan nan 5.250000e-01 5.850000e+00
nan nan 5.250000e-01 5.950000e+00
nan nan 5.250000e-01 6.050000e+00
nan nan 5.250000e-01 6.150000e+00
nan nan 5.250000e-01 6.250000e+00
nan nan 5.250000e-01 6.350000e+00
nan nan 5.250000e-01 6.450000e+00
nan nan 5.250000e-01 6.550000e+00
nan nan 5.250000e-01 6.650000e+00
nan nan 5.250000e-01 6.750000e+00
nan nan 5.250000e-01 6.850000e+00
nan nan 5.250000e-01 6.950000e+00
2.807851e+01 9.406673e-01 5.750000e-01 5.000000e-02
7.272801e+00 4.734197e-01 5.750000e-01 1.500000e-01
1.318977e+00 2.083363e-01 5.750000e-01 2.500000e-01
9.464090e-01 1.753554e-01 5.750000e-01 3.500000e-01
5.640117e-01 1.329391e-01 5.750000e-01 4.500000e-01
3.650933e-01 1.138604e-01 5.750000e-01 5.500000e-01
1.244034e-01 6.220174e-02 5.750000e-01 6.500000e-01
1.511093e-01 6.757825e-02 5.750000e-01 7.500000e-01
1.542680e-01 6.899087e-02 5.750000e-01 8.500000e-01
6.045963e-02 6.027646e-02 5.750000e-01 9.500000e-01
-2.242673e-04 6.105647e-02 5.750000e-01 1.050000e+00
5.990192e-02 4.235709e-02 5.750000e-01 1.150000e+00
6.086227e-02 8.559563e-02 5.750000e-01 1.250000e+00
8.186903e-05 4.239578e-02 5.750000e-01 1.350000e+00
-5.982898e-02 4.230549e-02 5.750000e-01 1.450000e+00
1.245871e-04 7.315339e-02 5.750000e-01 1.550000e+00
2.926324e-02 5.087877e-02 5.750000e-01 1.650000e+00
1.574174e-04 9.367857e-02 5.750000e-01 1.750000e+00
2.857392e-02 8.750637e-02 5.750000e-01 1.850000e+00
1.164509e-01 1.006369e-01 5.750000e-01 1.950000e+00
5.574981e-02 3.942121e-02 5.750000e-01 2.050000e+00
1.321857e-01 6.988073e-02 5.750000e-01 2.150000e+00
1.235622e-01 6.548891e-02 5.750000e-01 2.250000e+00
1.388865e-01 8.038035e-02 5.750000e-01 2.350000e+00
1.764895e-01 7.646061e-02 5.750000e-01 2.450000e+00
2.129998e-01 9.032759e-02 5.750000e-01 2.550000e+00
2.080808e-01 8.315942e-02 5.750000e-01 2.650000e+00
1.437550e-01 8.450889e-02 5.750000e-01 2.750000e+00
6.065002e-02 6.716173e-02 5.750000e-01 2.850000e+00
1.197031e-01 5.635294e-02 5.750000e-01 2.950000e+00
3.359279e-01 9.052557e-02 5.750000e-01 3.050000e+00
3.332591e-01 9.809701e-02 5.750000e-01 3.150000e+00
3.114957e-01 9.938471e-02 5.750000e-01 3.250000e+00
2.331289e-01 9.913397e-02 5.750000e-01 3.350000e+00
4.970896e-01 1.147094e-01 5.750000e-01 3.450000e+00
7.945680e-01 1.319099e-01 5.750000e-01 3.550000e+00
5.571393e-01 1.151286e-01 5.750000e-01 3.650000e+00
3.319039e-01 8.372727e-02 5.750000e-01 3.750000e+00
4.077886e-01 8.993194e-02 5.750000e-01 3.850000e+00
2.602678e-01 6.506761e-02 5.750000e-01 3.950000e+00
2.455364e-01 6.512995e-02 5.750000e-01 4.050000e+00
1.735130e-01 6.129900e-02 5.750000e-01 4.150000e+00
2.664193e-01 7.768198e-02 5.750000e-01 4.250000e+00
3.134910e-01 6.377570e-02 5.750000e-01 4.350000e+00
2.011086e-01 5.475484e-02 5.750000e-01 4.450000e+00
3.114257e-01 6.987816e-02 5.750000e-01 4.550000e+00
2.467743e-01 6.712235e-02 5.750000e-01 4.650000e+00
3.822446e-01 8.720035e-02 5.750000e-01 4.750000e+00
3.386793e-01 9.570862e-02 5.750000e-01 4.850000e+00
1.665562e-01 9.657691e-02 5.750000e-01 4.950000e+00
2.862375e-01 1.901252e-01 5.750000e-01 5.050000e+00
0.000000e+00 0.000000e+00 5.750000e-01 5.150000e+00
nan nan 5.750000e-01 5.250000e+00
nan nan 5.750000e-01 5.350000e+00
nan nan 5.750000e-01 5.450000e+00
nan nan 5.750000e-01 5.550000e+00
nan nan 5.750000e-01 5.650000e+00
nan nan 5.750000e-01 5.750000e+00
nan nan 5.750000e-01 5.850000e+00
nan nan 5.750000e-01 5.950000e+00
nan nan 5.750000e-01 6.050000e+00
nan nan 5.750000e-01 6.150000e+00
nan nan 5.750000e-01 6.250000e+00
nan nan 5.750000e-01 6.350000e+00
nan nan 5.750000e-01 6.450000e+00
nan nan 5.750000e-01 6.550000e+00
nan nan 5.750000e-01 6.650000e+00
nan nan 5.750000e-01 6.750000e+00
nan nan 5.750000e-01 6.850000e+00
nan nan 5.750000e-01 6.950000e+00
2.963068e+01 9.700618e-01 6.250000e-01 5.000000e-02
9.571609e+00 5.436317e-01 6.250000e-01 1.500000e-01
2.096691e+00 2.561520e-01 6.250000e-01 2.500000e-01
8.375878e-01 1.611941e-01 6.250000e-01 3.500000e-01
4.013786e-01 1.113226e-01 6.250000e-01 4.500000e-01
1.566578e-01 7.005967e-02 6.250000e-01 5.500000e-01
2.737894e-01 1.009046e-01 6.250000e-01 6.500000e-01
2.506113e-01 8.860462e-02 6.250000e-01 7.500000e-01
6.030191e-02 4.263994e-02 6.250000e-01 8.500000e-01
9.377968e-02 6.975192e-02 6.250000e-01 9.500000e-01
1.797550e-01 7.338493e-02 6.250000e-01 1.050000e+00
9.270770e-02 5.352483e-02 6.250000e-01 1.150000e+00
2.998238e-02 5.172636e-02 6.250000e-01 1.250000e+00
1.219783e-01 6.098940e-02 6.250000e-01 1.350000e+00
2.985808e-02 8.943831e-02 6.250000e-01 1.450000e+00
1.813689e-01 8.547946e-02 6.250000e-01 1.550000e+00
5.893338e-02 5.906262e-02 6.250000e-01 1.650000e+00
2.992143e-02 7.933030e-02 6.250000e-01 1.750000e+00
1.447345e-01 6.472740e-02 6.250000e-01 1.850000e+00
8.462867e-02 4.886050e-02 6.250000e-01 1.950000e+00
5.245538e-02 3.709174e-02 6.250000e-01 2.050000e+00
-2.506590e-02 4.330239e-02 6.250000e-01 2.150000e+00
1.151873e-01 8.324756e-02 6.250000e-01 2.250000e+00
8.920799e-02 7.053535e-02 6.250000e-01 2.350000e+00
3.664000e-01 9.391202e-02 6.250000e-01 2.450000e+00
1.057885e-01 7.651260e-02 6.250000e-01 2.550000e+00
1.473669e-01 8.157111e-02 6.250000e-01 2.650000e+00
2.914193e-01 9.307050e-02 6.250000e-01 2.750000e+00
2.058175e-01 7.692732e-02 6.250000e-01 2.850000e+00
1.220631e-01 6.420795e-02 6.250000e-01 2.950000e+00
1.802713e-01 7.760322e-02 6.250000e-01 3.050000e+00
1.791129e-01 9.915228e-02 6.250000e-01 3.150000e+00
9.872816e-02 7.085733e-02 6.250000e-01 3.250000e+00
4.471621e-01 1.047654e-01 6.250000e-01 3.350000e+00
6.610954e-01 1.259358e-01 6.250000e-01 3.450000e+00
9.098832e-01 1.516790e-01 6.250000e-01 3.550000e+00
3.468573e-01 9.134550e-02 6.250000e-01 3.650000e+00
2.136970e-01 7.123096e-02 6.250000e-01 3.750000e+00
2.425326e-01 8.481243e-02 6.250000e-01 3.850000e+00
8.345453e-02 4.994503e-02 6.250000e-01 3.950000e+00
1.585933e-01 7.443689e-02 6.250000e-01 4.050000e+00
1.501612e-01 6.706829e-02 6.250000e-01 4.150000e+00
4.024630e-01 7.726610e-02 6.250000e-01 4.250000e+00
2.532022e-01 7.173300e-02 6.250000e-01 4.350000e+00
2.149704e-01 6.751029e-02 6.250000e-01 4.450000e+00
3.288447e-01 7.806445e-02 6.250000e-01 4.550000e+00
2.456783e-01 7.209684e-02 6.250000e-01 4.650000e+00
8.519958e-02 7.011649e-02 6.250000e-01 4.750000e+00
2.323177e-01 8.708750e-02 6.250000e-01 4.850000e+00
1.474317e-01 1.065004e-01 6.250000e-01 4.950000e+00
1.196003e-01 1.451826e-01 6.250000e-01 5.050000e+00
5.018825e-01 5.018824e-01 6.250000e-01 5.150000e+00
nan nan 6.250000e-01 5.250000e+00
nan nan 6.250000e-01 5.350000e+00
nan nan 6.250000e-01 5.450000e+00
nan nan 6.250000e-01 5.550000e+00
nan nan 6.250000e-01 5.650000e+00
nan nan 6.250000e-01 5.750000e+00
nan nan 6.250000e-01 5.850000e+00
nan nan 6.250000e-01 5.950000e+00
nan nan 6.250000e-01 6.050000e+00
nan nan 6.250000e-01 6.150000e+00
nan nan 6.250000e-01 6.250000e+00
nan nan 6.250000e-01 6.350000e+00
nan nan 6.250000e-01 6.450000e+00
nan nan 6.250000e-01 6.550000e+00
nan nan 6.250000e-01 6.650000e+00
nan nan 6.250000e-01 6.750000e+00
nan nan 6.250000e-01 6.850000e+00
nan nan 6.250000e-01 6.950000e+00
1.185070e+02 1.927010e+00 6.750000e-01 5.000000e-02
1.780911e+01 7.546009e-01 6.750000e-01 1.500000e-01
1.698973e+00 2.290899e-01 6.750000e-01 2.500000e-01
6.061082e-01 1.390510e-01 6.750000e-01 3.500000e-01
3.389806e-01 1.111073e-01 6.750000e-01 4.500000e-01
2.223284e-01 9.521686e-02 6.750000e-01 5.500000e-01
2.155046e-01 9.235378e-02 6.750000e-01 6.500000e-01
1.259102e-01 6.295526e-02 6.750000e-01 7.500000e-01
1.236333e-01 6.181679e-02 6.750000e-01 8.500000e-01
1.246314e-01 6.231580e-02 6.750000e-01 9.500000e-01
6.228988e-02 4.404562e-02 6.750000e-01 1.050000e+00
3.084467e-02 3.084467e-02 6.750000e-01 1.150000e+00
9.314703e-02 5.377847e-02 6.750000e-01 1.250000e+00
6.101433e-02 8.646569e-02 6.750000e-01 1.350000e+00
-3.341764e-04 8.748860e-02 6.750000e-01 1.450000e+00
2.837463e-04 9.495309e-02 6.750000e-01 1.550000e+00
-8.365851e-05 7.502961e-02 6.750000e-01 1.650000e+00
2.903063e-02 6.515505e-02 6.750000e-01 1.750000e+00
-5.697098e-02 4.028457e-02 6.750000e-01 1.850000e+00
2.632861e-02 5.902380e-02 6.750000e-01 1.950000e+00
1.004453e-01 5.022275e-02 6.750000e-01 2.050000e+00
1.851824e-04 3.286369e-02 6.750000e-01 2.150000e+00
2.241202e-02 3.898693e-02 6.750000e-01 2.250000e+00
1.084944e-01 8.425697e-02 6.750000e-01 2.350000e+00
1.505495e-01 8.332842e-02 6.750000e-01 2.450000e+00
2.141709e-02 7.702397e-02 6.750000e-01 2.550000e+00
-1.270167e-04 5.216321e-02 6.750000e-01 2.650000e+00
1.900928e-01 6.336450e-02 6.750000e-01 2.750000e+00
1.458955e-01 6.258011e-02 6.750000e-01 2.850000e+00
1.444482e-01 7.988407e-02 6.750000e-01 2.950000e+00
1.825648e-01 7.856733e-02 6.750000e-01 3.050000e+00
2.030351e-02 8.269562e-02 6.750000e-01 3.150000e+00
9.873438e-02 9.082925e-02 6.750000e-01 3.250000e+00
3.537146e-01 9.628979e-02 6.750000e-01 3.350000e+00
5.052485e-01 1.132557e-01 6.750000e-01 3.450000e+00
7.923434e-01 1.324531e-01 6.750000e-01 3.550000e+00
5.832414e-01 1.047538e-01 6.750000e-01 3.650000e+00
2.900878e-01 7.692619e-02 6.750000e-01 3.750000e+00
1.060605e-01 6.601474e-02 6.750000e-01 3.850000e+00
2.732851e-01 7.634883e-02 6.750000e-01 3.950000e+00
1.808018e-01 5.922119e-02 6.750000e-01 4.050000e+00
1.692144e-01 6.344504e-02 6.750000e-01 4.150000e+00
2.906320e-01 7.947144e-02 6.750000e-01 4.250000e+00
2.782520e-01 7.128417e-02 6.750000e-01 4.350000e+00
1.873635e-01 5.731983e-02 6.750000e-01 4.450000e+00
7.984939e-02 5.942652e-02 6.750000e-01 4.550000e+00
8.953123e-02 6.367624e-02 6.750000e-01 4.650000e+00
3.021835e-01 7.743593e-02 6.750000e-01 4.750000e+00
2.219338e-01 7.679666e-02 6.750000e-01 4.850000e+00
2.158688e-01 9.241020e-02 6.750000e-01 4.950000e+00
1.144675e-01 1.415024e-01 6.750000e-01 5.050000e+00
0.000000e+00 0.000000e+00 6.750000e-01 5.150000e+00
nan nan 6.750000e-01 5.250000e+00
nan nan 6.750000e-01 5.350000e+00
nan nan 6.750000e-01 5.450000e+00
nan nan 6.750000e-01 5.550000e+00
nan nan 6.750000e-01 5.650000e+00
nan nan 6.750000e-01 5.750000e+00
nan nan 6.750000e-01 5.850000e+00
nan nan 6.750000e-01 5.950000e+00
nan nan 6.750000e-01 6.050000e+00
nan nan 6.750000e-01 6.150000e+00
nan nan 6.750000e-01 6.250000e+00
nan nan 6.750000e-01 6.350000e+00
nan nan 6.750000e-01 6.450000e+00
nan nan 6.750000e-01 6.550000e+00
nan nan 6.750000e-01 6.650000e+00
nan nan 6.750000e-01 6.750000e+00
nan nan 6.750000e-01 6.850000e+00
nan nan 6.750000e-01 6.950000e+00
3.897601e+01 1.109534e+00 7.250000e-01 5.000000e-02
7.910454e+00 5.043292e-01 7.250000e-01 1.500000e-01
1.535075e+00 2.215694e-01 7.250000e-01 2.500000e-01
5.995882e-01 1.375553e-01 7.250000e-01 3.500000e-01
5.525347e-01 1.340097e-01 7.250000e-01 4.500000e-01
4.383670e-01 1.171587e-01 7.250000e-01 5.500000e-01
2.605213e-01 9.210841e-02 7.250000e-01 6.500000e-01
-3.117105e-02 6.989768e-02 7.250000e-01 7.500000e-01
9.719682e-02 7.232593e-02 7.250000e-01 8.500000e-01
3.131225e-02 3.131225e-02 7.250000e-01 9.500000e-01
3.206114e-02 3.206114e-02 7.250000e-01 1.050000e+00
3.131051e-02 7.012931e-02 7.250000e-01 1.150000e+00
1.265157e-01 7.755362e-02 7.250000e-01 1.250000e+00
9.407222e-02 1.216393e-01 7.250000e-01 1.350000e+00
-1.246445e-01 8.824488e-02 7.250000e-01 1.450000e+00
-3.128225e-02 5.406791e-02 7.250000e-01 1.550000e+00
2.987077e-02 5.193912e-02 7.250000e-01 1.650000e+00
0.000000e+00 0.000000e+00 7.250000e-01 1.750000e+00
2.671003e-02 4.652841e-02 7.250000e-01 1.850000e+00
5.037171e-02 3.561847e-02 7.250000e-01 1.950000e+00
4.715488e-02 5.781656e-02 7.250000e-01 2.050000e+00
1.834748e-01 7.934493e-02 7.250000e-01 2.150000e+00
1.109896e-01 7.365868e-02 7.250000e-01 2.250000e+00
2.171548e-02 7.289533e-02 7.250000e-01 2.350000e+00
-2.388200e-04 6.864710e-02 7.250000e-01 2.450000e+00
8.588483e-02 4.294243e-02 7.250000e-01 2.550000e+00
1.496830e-01 6.414578e-02 7.250000e-01 2.650000e+00
1.275035e-01 7.958934e-02 7.250000e-01 2.750000e+00
1.060423e-01 6.351840e-02 7.250000e-01 2.850000e+00
1.053082e-01 8.140772e-02 7.250000e-01 2.950000e+00
3.097810e-01 9.466636e-02 7.250000e-01 3.050000e+00
2.030058e-01 7.598083e-02 7.250000e-01 3.150000e+00
1.404380e-01 9.162643e-02 7.250000e-01 3.250000e+00
5.357026e-01 1.105337e-01 7.250000e-01 3.350000e+00
4.724983e-01 1.246466e-01 7.250000e-01 3.450000e+00
7.029599e-01 1.203773e-01 7.250000e-01 3.550000e+00
3.292610e-01 8.435899e-02 7.250000e-01 3.650000e+00
1.679067e-01 7.214800e-02 7.250000e-01 3.750000e+00
1.981762e-01 6.963904e-02 7.250000e-01 3.850000e+00
1.400373e-01 5.533256e-02 7.250000e-01 3.950000e+00
1.844098e-01 6.932703e-02 7.250000e-01 4.050000e+00
1.282036e-01 5.993432e-02 7.250000e-01 4.150000e+00
1.953537e-01 6.554765e-02 7.250000e-01 4.250000e+00
2.645216e-01 6.670394e-02 7.250000e-01 4.350000e+00
1.713450e-01 5.441630e-02 7.250000e-01 4.450000e+00
2.109967e-01 6.739762e-02 7.250000e-01 4.550000e+00
2.546518e-01 6.748281e-02 7.250000e-01 4.650000e+00
1.320548e-01 8.253425e-02 7.250000e-01 4.750000e+00
1.178945e-01 7.067295e-02 7.250000e-01 4.850000e+00
1.314996e-01 8.074757e-02 7.250000e-01 4.950000e+00
1.819233e-01 1.050335e-01 7.250000e-01 5.050000e+00
0.000000e+00 0.000000e+00 7.250000e-01 5.150000e+00
nan nan 7.250000e-01 5.250000e+00
nan nan 7.250000e-01 5.350000e+00
nan nan 7.250000e-01 5.450000e+00
nan nan 7.250000e-01 5.550000e+00
nan nan 7.250000e-01 5.650000e+00
nan nan 7.250000e-01 5.750000e+00
nan nan 7.250000e-01 5.850000e+00
nan nan 7.250000e-01 5.950000e+00
nan nan 7.250000e-01 6.050000e+00
nan nan 7.250000e-01 6.150000e+00
nan nan 7.250000e-01 6.250000e+00
nan nan 7.250000e-01 6.350000e+00
nan nan 7.250000e-01 6.450000e+00
nan nan 7.250000e-01 6.550000e+00
nan nan 7.250000e-01 6.650000e+00
nan nan 7.250000e-01 6.750000e+00
nan nan 7.250000e-01 6.850000e+00
nan nan 7.250000e-01 6.950000e+00
2.772584e+01 9.577748e-01 7.750000e-01 5.000000e-02
7.538329e+00 4.886380e-01 7.750000e-01 1.500000e-01
2.224531e+00 2.758073e-01 7.750000e-01 2.500000e-01
5.417366e-01 1.313907e-01 7.750000e-01 3.500000e-01
3.962133e-01 1.143772e-01 7.750000e-01 4.500000e-01
2.570762e-01 9.089030e-02 7.750000e-01 5.500000e-01
1.637848e-01 8.667131e-02 7.750000e-01 6.500000e-01
3.250938e-02 3.250938e-02 7.750000e-01 7.500000e-01
1.955809e-01 7.984574e-02 7.750000e-01 8.500000e-01
1.307189e-01 6.535950e-02 7.750000e-01 9.500000e-01
6.502298e-02 9.168575e-02 7.750000e-01 1.050000e+00
-3.286471e-02 8.636710e-02 7.750000e-01 1.150000e+00
3.181746e-02 1.063018e-01 7.750000e-01 1.250000e+00
6.518079e-02 9.155542e-02 7.750000e-01 1.350000e+00
3.154333e-02 5.472973e-02 7.750000e-01 1.450000e+00
1.234382e-01 6.171920e-02 7.750000e-01 1.550000e+00
1.786063e-04 5.816140e-02 7.750000e-01 1.650000e+00
8.263257e-02 4.770818e-02 7.750000e-01 1.750000e+00
2.574952e-02 6.766252e-02 7.750000e-01 1.850000e+00
1.460506e-01 6.877083e-02 7.750000e-01 1.950000e+00
-4.712524e-02 7.412019e-02 7.750000e-01 2.050000e+00
6.838999e-02 5.103814e-02 7.750000e-01 2.150000e+00
2.265439e-02 5.027081e-02 7.750000e-01 2.250000e+00
4.930460e-05 5.467354e-02 7.750000e-01 2.350000e+00
4.416099e-02 3.122667e-02 7.750000e-01 2.450000e+00
6.590855e-02 3.805239e-02 7.750000e-01 2.550000e+00
8.688404e-02 5.325282e-02 7.750000e-01 2.650000e+00
6.427238e-02 6.435983e-02 7.750000e-01 2.750000e+00
2.661187e-04 8.514347e-02 7.750000e-01 2.850000e+00
6.343957e-02 7.636001e-02 7.750000e-01 2.950000e+00
1.261553e-01 6.648005e-02 7.750000e-01 3.050000e+00
1.458412e-01 8.064655e-02 7.750000e-01 3.150000e+00
1.427793e-01 8.400720e-02 7.750000e-01 3.250000e+00
3.211117e-01 8.980641e-02 7.750000e-01 3.350000e+00
4.582369e-01 1.073197e-01 7.750000e-01 3.450000e+00
1.023645e+00 1.472980e-01 7.750000e-01 3.550000e+00
5.045335e-01 1.164655e-01 7.750000e-01 3.650000e+00
1.345743e-01 7.441917e-02 7.750000e-01 3.750000e+00
1.107966e-01 5.857353e-02 7.750000e-01 3.850000e+00
1.252819e-01 6.450784e-02 7.750000e-01 3.950000e+00
1.552669e-01 7.113783e-02 7.750000e-01 4.050000e+00
8.313799e-02 4.990114e-02 7.750000e-01 4.150000e+00
1.097166e-01 6.029563e-02 7.750000e-01 4.250000e+00
2.193297e-01 7.315660e-02 7.750000e-01 4.350000e+00
1.528927e-01 5.726770e-02 7.750000e-01 4.450000e+00
2.057847e-01 6.590467e-02 7.750000e-01 4.550000e+00
1.523122e-01 6.966879e-02 7.750000e-01 4.650000e+00
-6.006611e-02 5.947149e-02 7.750000e-01 4.750000e+00
1.004174e-01 8.654148e-02 7.750000e-01 4.850000e+00
2.087343e-01 8.521665e-02 7.750000e-01 4.950000e+00
1.942679e-01 1.447376e-01 7.750000e-01 5.050000e+00
0.000000e+00 0.000000e+00 7.750000e-01 5.150000e+00
nan nan 7.750000e-01 5.250000e+00
nan nan 7.750000e-01 5.350000e+00
nan nan 7.750000e-01 5.450000e+00
nan nan 7.750000e-01 5.550000e+00
nan nan 7.750000e-01 5.650000e+00
nan nan 7.750000e-01 5.750000e+00
nan nan 7.750000e-01 5.850000e+00
nan nan 7.750000e-01 5.950000e+00
nan nan 7.750000e-01 6.050000e+00
nan nan 7.750000e-01 6.150000e+00
nan nan 7.750000e-01 6.250000e+00
nan nan 7.750000e-01 6.350000e+00
nan nan 7.750000e-01 6.450000e+00
nan nan 7.750000e-01 6.550000e+00
nan nan 7.750000e-01 6.650000e+00
nan nan 7.750000e-01 6.750000e+00
nan nan 7.750000e-01 6.850000e+00
nan nan 7.750000e-01 6.950000e+00
2.842988e+01 9.694525e-01 8.250000e-01 5.000000e-02
8.072205e+00 5.199773e-01 8.250000e-01 1.500000e-01
1.835054e+00 2.452199e-01 8.250000e-01 2.500000e-01
8.147865e-01 1.796365e-01 8.250000e-01 3.500000e-01
4.576450e-01 1.223109e-01 8.250000e-01 4.500000e-01
3.412055e-01 1.078990e-01 8.250000e-01 5.500000e-01
1.633966e-01 7.307351e-02 8.250000e-01 6.500000e-01
1.692253e-01 7.568003e-02 8.250000e-01 7.500000e-01
1.318830e-01 6.594166e-02 8.250000e-01 8.500000e-01
1.005146e-01 7.502793e-02 8.250000e-01 9.500000e-01
3.335983e-02 8.811842e-02 8.250000e-01 1.050000e+00
6.570376e-02 9.336757e-02 8.250000e-01 1.150000e+00
1.338510e-01 8.194073e-02 8.250000e-01 1.250000e+00
6.475271e-02 6.452930e-02 8.250000e-01 1.350000e+00
3.173961e-02 3.173961e-02 8.250000e-01 1.450000e+00
1.178116e-01 7.206966e-02 8.250000e-01 1.550000e+00
2.808164e-02 4.858279e-02 8.250000e-01 1.650000e+00
5.195523e-02 7.322328e-02 8.250000e-01 1.750000e+00
2.481802e-02 7.501762e-02 8.250000e-01 1.850000e+00
6.665619e-05 8.347410e-02 8.250000e-01 1.950000e+00
-2.346842e-02 7.072372e-02 8.250000e-01 2.050000e+00
-2.346496e-02 6.175245e-02 8.250000e-01 2.150000e+00
1.616385e-01 6.926593e-02 8.250000e-01 2.250000e+00
6.837905e-02 6.047777e-02 8.250000e-01 2.350000e+00
1.131563e-01 5.976209e-02 8.250000e-01 2.450000e+00
6.739092e-02 6.701372e-02 8.250000e-01 2.550000e+00
-4.428902e-02 4.416956e-02 8.250000e-01 2.650000e+00
2.197370e-02 5.801490e-02 8.250000e-01 2.750000e+00
4.329535e-02 7.493721e-02 8.250000e-01 2.850000e+00
6.459139e-02 7.095600e-02 8.250000e-01 2.950000e+00
3.177016e-01 9.241601e-02 8.250000e-01 3.050000e+00
1.681699e-01 5.945744e-02 8.250000e-01 3.150000e+00
1.245002e-01 7.793374e-02 8.250000e-01 3.250000e+00
2.252651e-01 7.379662e-02 8.250000e-01 3.350000e+00
5.012526e-01 1.079331e-01 8.250000e-01 3.450000e+00
8.965734e-01 1.450472e-01 8.250000e-01 3.550000e+00
6.496367e-01 1.164319e-01 8.250000e-01 3.650000e+00
2.147088e-01 8.064352e-02 8.250000e-01 3.750000e+00
7.650611e-02 5.412423e-02 8.250000e-01 3.850000e+00
7.327704e-02 5.180342e-02 8.250000e-01 3.950000e+00
1.594199e-01 6.858501e-02 8.250000e-01 4.050000e+00
2.729239e-01 7.638465e-02 8.250000e-01 4.150000e+00
6.566105e-02 5.650634e-02 8.250000e-01 4.250000e+00
1.672620e-01 5.479238e-02 8.250000e-01 4.350000e+00
2.032685e-01 6.158535e-02 8.250000e-01 4.450000e+00
1.392400e-01 6.745938e-02 8.250000e-01 4.550000e+00
1.425970e-01 7.538681e-02 8.250000e-01 4.650000e+00
8.302952e-02 6.549982e-02 8.250000e-01 4.750000e+00
2.585981e-01 1.159815e-01 8.250000e-01 4.850000e+00
2.533195e-01 1.085343e-01 8.250000e-01 4.950000e+00
-6.484759e-02 1.136408e-01 8.250000e-01 5.050000e+00
-6.197444e-01 4.382265e-01 8.250000e-01 5.150000e+00
nan nan 8.250000e-01 5.250000e+00
nan nan 8.250000e-01 5.350000e+00
nan nan 8.250000e-01 5.450000e+00
nan nan 8.250000e-01 5.550000e+00
nan nan 8.250000e-01 5.650000e+00
nan nan 8.250000e-01 5.750000e+00
nan nan 8.250000e-01 5.850000e+00
nan nan 8.250000e-01 5.950000e+00
nan nan 8.250000e-01 6.050000e+00
nan nan 8.250000e-01 6.150000e+00
nan nan 8.250000e-01 6.250000e+00
nan nan 8.250000e-01 6.350000e+00
nan nan 8.250000e-01 6.450000e+00
nan nan 8.250000e-01 6.550000e+00
nan nan 8.250000e-01 6.650000e+00
nan nan 8.250000e-01 6.750000e+00
nan nan 8.250000e-01 6.850000e+00
nan nan 8.250000e-01 6.950000e+00
3.010688e+01 9.963937e-01 8.750000e-01 5.000000e-02
8.508155e+00 5.435670e-01 8.750000e-01 1.500000e-01
2.331950e+00 2.787217e-01 8.750000e-01 2.500000e-01
7.931638e-01 1.653864e-01 8.750000e-01 3.500000e-01
5.779133e-01 1.401648e-01 8.750000e-01 4.500000e-01
4.120037e-01 1.189354e-01 8.750000e-01 5.500000e-01
1.379758e-01 9.745735e-02 8.750000e-01 6.500000e-01
1.362898e-01 6.814507e-02 8.750000e-01 7.500000e-01
6.896464e-02 9.741133e-02 8.750000e-01 8.500000e-01
6.804967e-02 9.606269e-02 8.750000e-01 9.500000e-01
-1.707921e-01 1.230854e-01 8.750000e-01 1.050000e+00
1.704005e-01 9.022263e-02 8.750000e-01 1.150000e+00
6.643843e-02 4.697907e-02 8.750000e-01 1.250000e+00
3.223573e-02 3.223573e-02 8.750000e-01 1.350000e+00
-4.567665e-05 4.239710e-02 8.750000e-01 1.450000e+00
-1.405946e-04 5.705131e-02 8.750000e-01 1.550000e+00
-2.644586e-02 5.918097e-02 8.750000e-01 1.650000e+00
5.136712e-02 6.304160e-02 8.750000e-01 1.750000e+00
9.889835e-02 6.056524e-02 8.750000e-01 1.850000e+00
1.224026e-01 6.467862e-02 8.750000e-01 1.950000e+00
-2.409169e-02 5.404258e-02 8.750000e-01 2.050000e+00
1.677225e-01 7.186076e-02 8.750000e-01 2.150000e+00
9.509336e-02 5.818178e-02 8.750000e-01 2.250000e+00
4.684424e-02 3.312390e-02 8.750000e-01 2.350000e+00
2.320073e-02 5.182587e-02 8.750000e-01 2.450000e+00
2.266193e-02 5.105363e-02 8.750000e-01 2.550000e+00
-4.524646e-02 6.361940e-02 8.750000e-01 2.650000e+00
4.478089e-02 5.459329e-02 8.750000e-01 2.750000e+00
1.540655e-01 7.940275e-02 8.750000e-01 2.850000e+00
1.091405e-01 7.219255e-02 8.750000e-01 2.950000e+00
2.154037e-02 7.753135e-02 8.750000e-01 3.050000e+00
1.067240e-01 5.645870e-02 8.750000e-01 3.150000e+00
1.479810e-01 6.996522e-02 8.750000e-01 3.250000e+00
1.467849e-01 8.105292e-02 8.750000e-01 3.350000e+00
3.295183e-01 1.008483e-01 8.750000e-01 3.450000e+00
5.433371e-01 1.120563e-01 8.750000e-01 3.550000e+00
5.394719e-01 1.112464e-01 8.750000e-01 3.650000e+00
1.570171e-01 6.803575e-02 8.750000e-01 3.750000e+00
3.880930e-02 4.769976e-02 8.750000e-01 3.850000e+00
9.592996e-02 6.896532e-02 8.750000e-01 3.950000e+00
1.636930e-01 6.032549e-02 8.750000e-01 4.050000e+00
8.782056e-02 5.820479e-02 8.750000e-01 4.150000e+00
1.520690e-01 5.069012e-02 8.750000e-01 4.250000e+00
1.274600e-01 5.969157e-02 8.750000e-01 4.350000e+00
-3.088926e-02 4.830692e-02 8.750000e-01 4.450000e+00
8.145553e-02 5.403212e-02 8.750000e-01 4.550000e+00
1.328542e-01 6.831547e-02 8.750000e-01 4.650000e+00
1.786404e-01 8.921177e-02 8.750000e-01 4.750000e+00
1.384256e-01 9.243763e-02 8.750000e-01 4.850000e+00
1.964502e-01 1.038508e-01 8.750000e-01 4.950000e+00
2.855714e-01 1.427873e-01 8.750000e-01 5.050000e+00
0.000000e+00 0.000000e+00 8.750000e-01 5.150000e+00
nan nan 8.750000e-01 5.250000e+00
nan nan 8.750000e-01 5.350000e+00
nan nan 8.750000e-01 5.450000e+00
nan nan 8.750000e-01 5.550000e+00
nan nan 8.750000e-01 5.650000e+00
nan nan 8.750000e-01 5.750000e+00
nan nan 8.750000e-01 5.850000e+00
nan nan 8.750000e-01 5.950000e+00
nan nan 8.750000e-01 6.050000e+00
nan nan 8.750000e-01 6.150000e+00
nan nan 8.750000e-01 6.250000e+00
nan nan 8.750000e-01 6.350000e+00
nan nan 8.750000e-01 6.450000e+00
nan nan 8.750000e-01 6.550000e+00
nan nan 8.750000e-01 6.650000e+00
nan nan 8.750000e-01 6.750000e+00
nan nan 8.750000e-01 6.850000e+00
nan nan 8.750000e-01 6.950000e+00
2.503039e+01 9.393780e-01 9.250000e-01 5.000000e-02
7.779389e+00 5.163370e-01 9.250000e-01 1.500000e-01
1.964904e+00 2.696991e-01 9.250000e-01 2.500000e-01
5.455637e-01 1.363911e-01 9.250000e-01 3.500000e-01
1.426828e-01 7.134159e-02 9.250000e-01 4.500000e-01
3.796124e-01 1.336590e-01 9.250000e-01 5.500000e-01
2.466215e-01 1.169201e-01 9.250000e-01 6.500000e-01
3.149615e-01 1.523783e-01 9.250000e-01 7.500000e-01
6.916228e-02 9.809528e-02 9.250000e-01 8.500000e-01
6.987292e-02 9.905103e-02 9.250000e-01 9.500000e-01
1.480124e-04 6.801061e-02 9.250000e-01 1.050000e+00
6.757730e-02 4.778437e-02 9.250000e-01 1.150000e+00
3.163600e-02 3.163600e-02 9.250000e-01 1.250000e+00
3.032122e-02 3.032122e-02 9.250000e-01 1.350000e+00
-3.059332e-04 5.631367e-02 9.250000e-01 1.450000e+00
1.160752e-04 5.338182e-02 9.250000e-01 1.550000e+00
2.590750e-02 6.858152e-02 9.250000e-01 1.650000e+00
7.554427e-02 8.384740e-02 9.250000e-01 1.750000e+00
1.001153e-01 7.926895e-02 9.250000e-01 1.850000e+00
2.502131e-02 5.569622e-02 9.250000e-01 1.950000e+00
9.901209e-02 4.950621e-02 9.250000e-01 2.050000e+00
2.465382e-02 5.503898e-02 9.250000e-01 2.150000e+00
-1.446650e-04 4.884943e-02 9.250000e-01 2.250000e+00
0.000000e+00 0.000000e+00 9.250000e-01 2.350000e+00
7.150799e-02 4.128537e-02 9.250000e-01 2.450000e+00
7.074942e-02 6.211110e-02 9.250000e-01 2.550000e+00
1.155478e-01 6.117972e-02 9.250000e-01 2.650000e+00
6.898616e-02 6.058368e-02 9.250000e-01 2.750000e+00
1.576825e-01 8.112203e-02 9.250000e-01 2.850000e+00
4.456675e-02 6.279711e-02 9.250000e-01 2.950000e+00
4.416052e-02 6.937988e-02 9.250000e-01 3.050000e+00
-5.601141e-06 4.357613e-02 9.250000e-01 3.150000e+00
1.925978e-01 7.101393e-02 9.250000e-01 3.250000e+00
1.482391e-01 8.723063e-02 9.250000e-01 3.350000e+00
3.151970e-01 8.138412e-02 9.250000e-01 3.450000e+00
6.603013e-01 1.336745e-01 9.250000e-01 3.550000e+00
5.855393e-01 1.159767e-01 9.250000e-01 3.650000e+00
1.586225e-01 7.954175e-02 9.250000e-01 3.750000e+00
2.162086e-01 6.518962e-02 9.250000e-01 3.850000e+00
1.364138e-01 5.156047e-02 9.250000e-01 3.950000e+00
1.703933e-01 8.250663e-02 9.250000e-01 4.050000e+00
3.745386e-05 6.784710e-02 9.250000e-01 4.150000e+00
1.041379e-01 6.003269e-02 9.250000e-01 4.250000e+00
1.666366e-01 6.665602e-02 9.250000e-01 4.350000e+00
-5.027847e-05 5.064773e-02 9.250000e-01 4.450000e+00
5.126958e-02 5.649348e-02 9.250000e-01 4.550000e+00
-1.967882e-02 6.559740e-02 9.250000e-01 4.650000e+00
1.428713e-01 7.528781e-02 9.250000e-01 4.750000e+00
2.678110e-01 8.927132e-02 9.250000e-01 4.850000e+00
-4.272509e-02 1.252166e-01 9.250000e-01 4.950000e+00
1.510292e-01 1.516194e-01 9.250000e-01 5.050000e+00
0.000000e+00 0.000000e+00 9.250000e-01 5.150000e+00
nan nan 9.250000e-01 5.250000e+00
nan nan 9.250000e-01 5.350000e+00
nan nan 9.250000e-01 5.450000e+00
nan nan 9.250000e-01 5.550000e+00
nan nan 9.250000e-01 5.650000e+00
nan nan 9.250000e-01 5.750000e+00
nan nan 9.250000e-01 5.850000e+00
nan nan 9.250000e-01 5.950000e+00
nan nan 9.250000e-01 6.050000e+00
nan nan 9.250000e-01 6.150000e+00
nan nan 9.250000e-01 6.250000e+00
nan nan 9.250000e-01 6.350000e+00
nan nan 9.250000e-01 6.450000e+00
nan nan 9.250000e-01 6.550000e+00
nan nan 9.250000e-01 6.650000e+00
nan nan 9.250000e-01 6.750000e+00
nan nan 9.250000e-01 6.850000e+00
nan nan 9.250000e-01 6.950000e+00
2.748940e+01 9.971487e-01 9.750000e-01 5.000000e-02
8.220971e+00 5.374226e-01 9.750000e-01 1.500000e-01
1.927730e+00 2.671361e-01 9.750000e-01 2.500000e-01
6.079327e-01 1.474456e-01 9.750000e-01 3.500000e-01
2.102708e-01 9.912671e-02 9.750000e-01 4.500000e-01
1.429968e-01 1.129233e-01 9.750000e-01 5.500000e-01
3.831729e-01 1.256445e-01 9.750000e-01 6.500000e-01
3.535018e-02 9.315291e-02 9.750000e-01 7.500000e-01
1.051612e-01 6.071498e-02 9.750000e-01 8.500000e-01
-2.913069e-05 4.863503e-02 9.750000e-01 9.500000e-01
3.375611e-02 5.829825e-02 9.750000e-01 1.050000e+00
9.398924e-02 7.011866e-02 9.750000e-01 1.150000e+00
9.030924e-02 5.214016e-02 9.750000e-01 1.250000e+00
1.104956e-01 5.524797e-02 9.750000e-01 1.350000e+00
1.073701e-01 5.368511e-02 9.750000e-01 1.450000e+00
5.176170e-02 6.346362e-02 9.750000e-01 1.550000e+00
6.304388e-05 5.088522e-02 9.750000e-01 1.650000e+00
1.264161e-01 7.576124e-02 9.750000e-01 1.750000e+00
5.029915e-02 5.023766e-02 9.750000e-01 1.850000e+00
-5.006225e-02 5.016888e-02 9.750000e-01 1.950000e+00
5.001491e-02 4.984264e-02 9.750000e-01 2.050000e+00
7.460779e-02 5.546786e-02 9.750000e-01 2.150000e+00
4.954243e-02 4.960653e-02 9.750000e-01 2.250000e+00
2.462830e-02 5.505076e-02 9.750000e-01 2.350000e+00
9.761067e-02 6.914603e-02 9.750000e-01 2.450000e+00
9.652737e-02 4.826389e-02 9.750000e-01 2.550000e+00
1.430658e-01 7.542119e-02 9.750000e-01 2.650000e+00
4.673685e-02 8.124396e-02 9.750000e-01 2.750000e+00
4.623215e-02 5.670949e-02 9.750000e-01 2.850000e+00
-1.527124e-04 5.580252e-02 9.750000e-01 2.950000e+00
1.121495e-01 7.418177e-02 9.750000e-01 3.050000e+00
4.426132e-02 4.412789e-02 9.750000e-01 3.150000e+00
1.311578e-01 5.354528e-02 9.750000e-01 3.250000e+00
4.338710e-02 6.098191e-02 9.750000e-01 3.350000e+00
2.348866e-01 8.277450e-02 9.750000e-01 3.450000e+00
6.937685e-01 1.207708e-01 9.750000e-01 3.550000e+00
3.092621e-01 8.507115e-02 9.750000e-01 3.650000e+00
3.046349e-01 8.371634e-02 9.750000e-01 3.750000e+00
7.965565e-02 6.323833e-02 9.750000e-01 3.850000e+00
1.771431e-01 7.096357e-02 9.750000e-01 3.950000e+00
1.562716e-01 5.525087e-02 9.750000e-01 4.050000e+00
1.496962e-01 6.487715e-02 9.750000e-01 4.150000e+00
1.079853e-01 5.093589e-02 9.750000e-01 4.250000e+00
6.841837e-02 5.409766e-02 9.750000e-01 4.350000e+00
1.010035e-01 5.314521e-02 9.750000e-01 4.450000e+00
8.962049e-02 6.969492e-02 9.750000e-01 4.550000e+00
4.096871e-02 5.857067e-02 9.750000e-01 4.650000e+00
1.765425e-01 8.381177e-02 9.750000e-01 4.750000e+00
1.597011e-01 9.558179e-02 9.750000e-01 4.850000e+00
-8.813246e-02 6.232027e-02 9.750000e-01 4.950000e+00
-8.168972e-02 8.168972e-02 9.750000e-01 5.050000e+00
-4.030540e-01 4.030540e-01 9.750000e-01 5.150000e+00
nan nan 9.750000e-01 5.250000e+00
nan nan 9.750000e-01 5.350000e+00
nan nan 9.750000e-01 5.450000e+00
nan nan 9.750000e-01 5.550000e+00
nan nan 9.750000e-01 5.650000e+00
nan nan 9.750000e-01 5.750000e+00
nan nan 9.750000e-01 5.850000e+00
nan nan 9.750000e-01 5.950000e+00
nan nan 9.750000e-01 6.050000e+00
nan nan 9.750000e-01 6.150000e+00
nan nan 9.750000e-01 6.250000e+00
nan nan 9.750000e-01 6.350000e+00
nan nan 9.750000e-01 6.450000e+00
nan nan 9.750000e-01 6.550000e+00
nan nan 9.750000e-01 6.650000e+00
nan nan 9.750000e-01 6.750000e+00
nan nan 9.750000e-01 6.850000e+00
nan nan 9.750000e-01 6.950000e+00
