# Intensity Error [0.167H,0.167H,0] DeltaE
#  shape: 17x70
3.159626e+01 1.063903e+00 3.000000e-02 5.000000e-02
8.302314e+00 5.547174e-01 3.000000e-02 1.500000e-01
1.365406e+00 2.214985e-01 3.000000e-02 2.500000e-01
7.446239e-01 1.746623e-01 3.000000e-02 3.500000e-01
5.738063e-01 1.434518e-01 3.000000e-02 4.500000e-01
3.357967e-01 1.119324e-01 3.000000e-02 5.500000e-01
3.213050e-01 1.071019e-01 3.000000e-02 6.500000e-01
3.722201e-02 3.722201e-02 3.000000e-02 7.500000e-01
2.127086e-01 8.683798e-02 3.000000e-02 8.500000e-01
1.475386e-01 9.021450e-02 3.000000e-02 9.500000e-01
7.000071e-02 4.949798e-02 3.000000e-02 1.050000e+00
7.199835e-02 7.212626e-02 3.000000e-02 1.150000e+00
1.052164e-01 6.074691e-02 3.000000e-02 1.250000e+00
1.789819e-01 8.004345e-02 3.000000e-02 1.350000e+00
6.926029e-02 8.472535e-02 3.000000e-02 1.450000e+00
1.060848e-01 6.124829e-02 3.000000e-02 1.550000e+00
-1.865484e-05 4.781325e-02 3.000000e-02 1.650000e+00
1.400747e-01 7.003742e-02 3.000000e-02 1.750000e+00
2.454817e-04 6.676859e-02 3.000000e-02 1.850000e+00
6.873027e-02 4.860000e-02 3.000000e-02 1.950000e+00
-8.973687e-05 6.677901e-02 3.000000e-02 2.050000e+00
2.001822e-01 9.424849e-02 3.000000e-02 2.150000e+00
2.961129e-01 1.091587e-01 3.000000e-02 2.250000e+00
2.285128e-01 9.795226e-02 3.000000e-02 2.350000e+00
4.878726e-01 1.259688e-01 3.000000e-02 2.450000e+00
1.201043e+00 1.974511e-01 3.000000e-02 2.550000e+00
9.554035e-01 1.838683e-01 3.000000e-02 2.650000e+00
6.059837e-01 1.680704e-01 3.000000e-02 2.750000e+00
3.311250e-01 2.028838e-01 3.000000e-02 2.850000e+00
0.000000e+00 0.000000e+00 3.000000e-02 2.950000e+00
0.000000e+00 0.000000e+00 3.000000e-02 3.050000e+00
nan nan 3.000000e-02 3.150000e+00
nan nan 3.000000e-02 3.250000e+00
nan nan 3.000000e-02 3.350000e+00
nan nan 3.000000e-02 3.450000e+00
nan nan 3.000000e-02 3.550000e+00
nan nan 3.000000e-02 3.650000e+00
nan nan 3.000000e-02 3.750000e+00
nan nan 3.000000e-02 3.850000e+00
nan nan 3.000000e-02 3.950000e+00
nan nan 3.000000e-02 4.050000e+00
nan nan 3.000000e-02 4.150000e+00
nan nan 3.000000e-02 4.250000e+00
nan nan 3.000000e-02 4.350000e+00
nan nan 3.000000e-02 4.450000e+00
nan nan 3.000000e-02 4.550000e+00
nan nan 3.000000e-02 4.650000e+00
nan nan 3.000000e-02 4.750000e+00
nan nan 3.000000e-02 4.850000e+00
nan nan 3.000000e-02 4.950000e+00
nan nan 3.000000e-02 5.050000e+00
nan nan 3.000000e-02 5.150000e+00
nan nan 3.000000e-02 5.250000e+00
nan nan 3.000000e-02 5.350000e+00
nan nan 3.000000e-02 5.450000e+00
nan nan 3.000000e-02 5.550000e+00
nan nan 3.000000e-02 5.650000e+00
nan nan 3.000000e-02 5.750000e+00
nan nan 3.000000e-02 5.850000e+00
nan nan 3.000000e-02 5.950000e+00
nan nan 3.000000e-02 6.050000e+00
nan nan 3.000000e-02 6.150000e+00
nan nan 3.000000e-02 6.250000e+00
nan nan 3.000000e-02 6.350000e+00
nan nan 3.000000e-02 6.450000e+00
nan nan 3.000000e-02 6.550000e+00
nan nan 3.000000e-02 6.650000e+00
nan nan 3.000000e-02 6.750000e+00
nan nan 3.000000e-02 6.850000e+00
nan nan 3.000000e-02 6.950000e+00
3.325416e+01 1.098151e+00 9.000000e-02 5.000000e-02
8.540515e+00 5.631220e-01 9.000000e-02 1.500000e-01
1.195999e+00 2.143861e-01 9.000000e-02 2.500000e-01
5.957551e-01 1.489391e-01 9.000000e-02 3.500000e-01
4.693350e-01 1.488321e-01 9.000000e-02 4.500000e-01
1.496887e-01 7.484443e-02 9.000000e-02 5.500000e-01
1.435071e-01 8.778780e-02 9.000000e-02 6.500000e-01
2.621399e-01 9.907980e-02 9.000000e-02 7.500000e-01
1.777124e-01 7.947569e-02 9.000000e-02 8.500000e-01
3.723599e-02 6.428603e-02 9.000000e-02 9.500000e-01
3.525765e-02 3.525765e-02 9.000000e-02 1.050000e+00
7.261798e-02 8.924572e-02 9.000000e-02 1.150000e+00
1.054382e-01 6.087481e-02 9.000000e-02 1.250000e+00
1.433103e-01 7.165531e-02 9.000000e-02 1.350000e+00
0.000000e+00 0.000000e+00 9.000000e-02 1.450000e+00
-3.547315e-02 3.547315e-02 9.000000e-02 1.550000e+00
3.415726e-02 3.415726e-02 9.000000e-02 1.650000e+00
7.037501e-02 4.976283e-02 9.000000e-02 1.750000e+00
1.687307e-01 7.545874e-02 9.000000e-02 1.850000e+00
1.381975e-01 6.909885e-02 9.000000e-02 1.950000e+00
1.340542e-01 8.198027e-02 9.000000e-02 2.050000e+00
1.002361e-01 7.447323e-02 9.000000e-02 2.150000e+00
1.661673e-01 7.431242e-02 9.000000e-02 2.250000e+00
3.252295e-01 1.028471e-01 9.000000e-02 2.350000e+00
4.583922e-01 1.225107e-01 9.000000e-02 2.450000e+00
7.729340e-01 1.642763e-01 9.000000e-02 2.550000e+00
9.436659e-01 1.811244e-01 9.000000e-02 2.650000e+00
4.673772e-01 1.249123e-01 9.000000e-02 2.750000e+00
3.900942e-01 1.233592e-01 9.000000e-02 2.850000e+00
1.223777e-01 8.653412e-02 9.000000e-02 2.950000e+00
1.292566e-01 1.292566e-01 9.000000e-02 3.050000e+00
0.000000e+00 0.000000e+00 9.000000e-02 3.150000e+00
nan nan 9.000000e-02 3.250000e+00
nan nan 9.000000e-02 3.350000e+00
nan nan 9.000000e-02 3.450000e+00
nan nan 9.000000e-02 3.550000e+00
nan nan 9.000000e-02 3.650000e+00
nan nan 9.000000e-02 3.750000e+00
nan nan 9.000000e-02 3.850000e+00
nan nan 9.000000e-02 3.950000e+00
nan nan 9.000000e-02 4.050000e+00
nan nan 9.000000e-02 4.150000e+00
nan nan 9.000000e-02 4.250000e+00
nan nan 9.000000e-02 4.350000e+00
nan nan 9.000000e-02 4.450000e+00
nan nan 9.000000e-02 4.550000e+00
nan nan 9.000000e-02 4.650000e+00
nan nan 9.000000e-02 4.750000e+00
nan nan 9.000000e-02 4.850000e+00
nan nan 9.000000e-02 4.950000e+00
nan nan 9.000000e-02 5.050000e+00
nan nan 9.000000e-02 5.150000e+00
nan nan 9.000000e-02 5.250000e+00
nan nan 9.000000e-02 5.350000e+00
nan nan 9.000000e-02 5.450000e+00
nan nan 9.000000e-02 5.550000e+00
nan nan 9.000000e-02 5.650000e+00
nan nan 9.000000e-02 5.750000e+00
nan nan 9.000000e-02 5.850000e+00
nan nan 9.000000e-02 5.950000e+00
nan nan 9.000000e-02 6.050000e+00
nan nan 9.000000e-02 6.150000e+00
nan nan 9.000000e-02 6.250000e+00
nan nan 9.000000e-02 6.350000e+00
nan nan 9.000000e-02 6.450000e+00
nan nan 9.000000e-02 6.550000e+00
nan nan 9.000000e-02 6.650000e+00
nan nan 9.000000e-02 6.750000e+00
nan nan 9.000000e-02 6.850000e+00
nan nan 9.000000e-02 6.950000e+00
3.574826e+01 1.148402e+00 1.500000e-01 5.000000e-02
9.255602e+00 5.888594e-01 1.500000e-01 1.500000e-01
1.958404e+00 2.690080e-01 1.500000e-01 2.500000e-01
6.690440e-01 1.662684e-01 1.500000e-01 3.500000e-01
2.928753e-01 1.157330e-01 1.500000e-01 4.500000e-01
3.734421e-01 1.180931e-01 1.500000e-01 5.500000e-01
2.525417e-01 9.545178e-02 1.500000e-01 6.500000e-01
1.500395e-01 7.501978e-02 1.500000e-01 7.500000e-01
4.304836e-01 1.242701e-01 1.500000e-01 8.500000e-01
1.491212e-01 7.456059e-02 1.500000e-01 9.500000e-01
3.539524e-02 3.539523e-02 1.500000e-01 1.050000e+00
3.697889e-02 3.697889e-02 1.500000e-01 1.150000e+00
3.535511e-02 3.535511e-02 1.500000e-01 1.250000e+00
1.086134e-01 6.270822e-02 1.500000e-01 1.350000e+00
7.043775e-02 4.980701e-02 1.500000e-01 1.450000e+00
3.569689e-02 3.569689e-02 1.500000e-01 1.550000e+00
-1.656544e-04 4.895714e-02 1.500000e-01 1.650000e+00
7.025271e-02 7.035146e-02 1.500000e-01 1.750000e+00
1.017857e-01 7.581536e-02 1.500000e-01 1.850000e+00
1.738928e-01 7.776739e-02 1.500000e-01 1.950000e+00
1.699248e-01 8.985267e-02 1.500000e-01 2.050000e+00
1.330183e-01 8.138442e-02 1.500000e-01 2.150000e+00
2.365492e-01 8.940749e-02 1.500000e-01 2.250000e+00
9.625738e-02 8.532973e-02 1.500000e-01 2.350000e+00
3.605304e-01 1.269687e-01 1.500000e-01 2.450000e+00
8.450072e-01 1.657201e-01 1.500000e-01 2.550000e+00
7.421102e-01 1.547412e-01 1.500000e-01 2.650000e+00
6.138502e-01 1.480170e-01 1.500000e-01 2.750000e+00
3.266417e-01 1.032937e-01 1.500000e-01 2.850000e+00
7.313980e-02 8.939958e-02 1.500000e-01 2.950000e+00
8.575875e-05 6.722270e-02 1.500000e-01 3.050000e+00
1.790419e-01 1.266020e-01 1.500000e-01 3.150000e+00
0.000000e+00 0.000000e+00 1.500000e-01 3.250000e+00
0.000000e+00 0.000000e+00 1.500000e-01 3.350000e+00
nan nan 1.500000e-01 3.450000e+00
nan nan 1.500000e-01 3.550000e+00
nan nan 1.500000e-01 3.650000e+00
nan nan 1.500000e-01 3.750000e+00
nan nan 1.500000e-01 3.850000e+00
nan nan 1.500000e-01 3.950000e+00
nan nan 1.500000e-01 4.050000e+00
nan nan 1.500000e-01 4.150000e+00
nan nan 1.500000e-01 4.250000e+00
nan nan 1.500000e-01 4.350000e+00
nan nan 1.500000e-01 4.450000e+00
nan nan 1.500000e-01 4.550000e+00
nan nan 1.500000e-01 4.650000e+00
nan nan 1.500000e-01 4.750000e+00
nan nan 1.500000e-01 4.850000e+00
nan nan 1.500000e-01 4.950000e+00
nan nan 1.500000e-01 5.050000e+00
nan nan 1.500000e-01 5.150000e+00
nan nan 1.500000e-01 5.250000e+00
nan nan 1.500000e-01 5.350000e+00
nan nan 1.500000e-01 5.450000e+00
nan nan 1.500000e-01 5.550000e+00
nan nan 1.500000e-01 5.650000e+00
nan nan 1.500000e-01 5.750000e+00
nan nan 1.500000e-01 5.850000e+00
nan nan 1.500000e-01 5.950000e+00
nan nan 1.500000e-01 6.050000e+00
nan nan 1.500000e-01 6.150000e+00
nan nan 1.500000e-01 6.250000e+00
nan nan 1.500000e-01 6.350000e+00
nan nan 1.500000e-01 6.450000e+00
nan nan 1.500000e-01 6.550000e+00
nan nan 1.500000e-01 6.650000e+00
nan nan 1.500000e-01 6.750000e+00
nan nan 1.500000e-01 6.850000e+00
nan nan 1.500000e-01 6.950000e+00
3.559118e+01 1.156560e+00 2.100000e-01 5.000000e-02
9.655733e+00 5.976758e-01 2.100000e-01 1.500000e-01
1.470365e+00 2.354471e-01 2.100000e-01 2.500000e-01
8.545977e-01 1.781963e-01 2.100000e-01 3.500000e-01
5.231209e-01 1.398102e-01 2.100000e-01 4.500000e-01
4.089534e-01 1.233043e-01 2.100000e-01 5.500000e-01
2.207629e-01 9.012626e-02 2.100000e-01 6.500000e-01
1.859693e-01 8.316808e-02 2.100000e-01 7.500000e-01
1.455627e-01 8.910773e-02 2.100000e-01 8.500000e-01
7.462055e-02 7.469247e-02 2.100000e-01 9.500000e-01
3.608349e-02 8.046806e-02 2.100000e-01 1.050000e+00
1.482078e-01 7.410392e-02 2.100000e-01 1.150000e+00
1.072779e-01 7.979952e-02 2.100000e-01 1.250000e+00
7.303951e-02 5.164674e-02 2.100000e-01 1.350000e+00
1.067638e-01 6.164013e-02 2.100000e-01 1.450000e+00
7.153391e-02 5.058212e-02 2.100000e-01 1.550000e+00
0.000000e+00 0.000000e+00 2.100000e-01 1.650000e+00
1.407041e-01 7.035232e-02 2.100000e-01 1.750000e+00
6.954981e-02 4.917930e-02 2.100000e-01 1.850000e+00
3.446773e-02 3.446773e-02 2.100000e-01 1.950000e+00
1.379224e-01 6.896134e-02 2.100000e-01 2.050000e+00
1.660434e-01 7.425720e-02 2.100000e-01 2.150000e+00
4.101689e-01 1.184060e-01 2.100000e-01 2.250000e+00
9.719344e-02 5.611487e-02 2.100000e-01 2.350000e+00
6.637423e-02 8.076755e-02 2.100000e-01 2.450000e+00
3.266698e-01 1.130526e-01 2.100000e-01 2.550000e+00
4.199298e-01 1.407452e-01 2.100000e-01 2.650000e+00
2.918045e-01 1.170291e-01 2.100000e-01 2.750000e+00
3.840988e-01 1.279943e-01 2.100000e-01 2.850000e+00
3.590390e-01 1.082546e-01 2.100000e-01 2.950000e+00
1.015264e-01 7.578152e-02 2.100000e-01 3.050000e+00
1.642705e-01 8.213531e-02 2.100000e-01 3.150000e+00
3.308836e-01 1.479760e-01 2.100000e-01 3.250000e+00
6.473582e-01 3.967897e-01 2.100000e-01 3.350000e+00
0.000000e+00 0.000000e+00 2.100000e-01 3.450000e+00
nan nan 2.100000e-01 3.550000e+00
nan nan 2.100000e-01 3.650000e+00
nan nan 2.100000e-01 3.750000e+00
nan nan 2.100000e-01 3.850000e+00
nan nan 2.100000e-01 3.950000e+00
nan nan 2.100000e-01 4.050000e+00
nan nan 2.100000e-01 4.150000e+00
nan nan 2.100000e-01 4.250000e+00
nan nan 2.100000e-01 4.350000e+00
nan nan 2.100000e-01 4.450000e+00
nan nan 2.100000e-01 4.550000e+00
nan nan 2.100000e-01 4.650000e+00
nan nan 2.100000e-01 4.750000e+00
nan nan 2.100000e-01 4.850000e+00
nan nan 2.100000e-01 4.950000e+00
nan nan 2.100000e-01 5.050000e+00
nan nan 2.100000e-01 5.150000e+00
nan nan 2.100000e-01 5.250000e+00
nan nan 2.100000e-01 5.350000e+00
nan nan 2.100000e-01 5.450000e+00
nan nan 2.100000e-01 5.550000e+00
nan nan 2.100000e-01 5.650000e+00
nan nan 2.100000e-01 5.750000e+00
nan nan 2.100000e-01 5.850000e+00
nan nan 2.100000e-01 5.950000e+00
nan nan 2.100000e-01 6.050000e+00
nan nan 2.100000e-01 6.150000e+00
nan nan 2.100000e-01 6.250000e+00
nan nan 2.100000e-01 6.350000e+00
nan nan 2.100000e-01 6.450000e+00
nan nan 2.100000e-01 6.550000e+00
nan nan 2.100000e-01 6.650000e+00
nan nan 2.100000e-01 6.750000e+00
nan nan 2.100000e-01 6.850000e+00
nan nan 2.100000e-01 6.950000e+00
3.650958e+01 1.178344e+00 2.700000e-01 5.000000e-02
1.011635e+01 6.145254e-01 2.700000e-01 1.500000e-01
1.185085e+00 2.128480e-01 2.700000e-01 2.500000e-01
1.006329e+00 2.075564e-01 2.700000e-01 3.500000e-01
2.655777e-01 1.003791e-01 2.700000e-01 4.500000e-01
2.979627e-01 1.053459e-01 2.700000e-01 5.500000e-01
7.523502e-02 5.319922e-02 2.700000e-01 6.500000e-01
1.110973e-01 6.414215e-02 2.700000e-01 7.500000e-01
1.114994e-01 6.437426e-02 2.700000e-01 8.500000e-01
0.000000e+00 0.000000e+00 2.700000e-01 9.500000e-01
-2.571785e-04 7.371378e-02 2.700000e-01 1.050000e+00
1.107669e-01 8.233056e-02 2.700000e-01 1.150000e+00
3.651195e-02 3.651195e-02 2.700000e-01 1.250000e+00
1.087650e-01 6.279565e-02 2.700000e-01 1.350000e+00
7.276848e-02 7.278189e-02 2.700000e-01 1.450000e+00
-1.417329e-04 5.050490e-02 2.700000e-01 1.550000e+00
7.254285e-02 7.251014e-02 2.700000e-01 1.650000e+00
3.491919e-02 6.007782e-02 2.700000e-01 1.750000e+00
1.419890e-01 7.099454e-02 2.700000e-01 1.850000e+00
1.032118e-01 7.705036e-02 2.700000e-01 1.950000e+00
2.090077e-01 8.532750e-02 2.700000e-01 2.050000e+00
6.727270e-02 4.756916e-02 2.700000e-01 2.150000e+00
6.913384e-02 6.879619e-02 2.700000e-01 2.250000e+00
1.313174e-01 8.054505e-02 2.700000e-01 2.350000e+00
1.002620e-01 5.788653e-02 2.700000e-01 2.450000e+00
4.902318e-01 1.265778e-01 2.700000e-01 2.550000e+00
1.618660e-01 1.071536e-01 2.700000e-01 2.650000e+00
3.919238e-01 1.222256e-01 2.700000e-01 2.750000e+00
2.246010e-01 9.622460e-02 2.700000e-01 2.850000e+00
4.185909e-01 1.329070e-01 2.700000e-01 2.950000e+00
2.243642e-01 9.625864e-02 2.700000e-01 3.050000e+00
1.945153e-01 7.941078e-02 2.700000e-01 3.150000e+00
1.485253e-01 1.575524e-01 2.700000e-01 3.250000e+00
5.277928e-02 9.098626e-02 2.700000e-01 3.350000e+00
4.361535e-01 2.180779e-01 2.700000e-01 3.450000e+00
0.000000e+00 0.000000e+00 2.700000e-01 3.550000e+00
nan nan 2.700000e-01 3.650000e+00
nan nan 2.700000e-01 3.750000e+00
nan nan 2.700000e-01 3.850000e+00
nan nan 2.700000e-01 3.950000e+00
nan nan 2.700000e-01 4.050000e+00
nan nan 2.700000e-01 4.150000e+00
nan nan 2.700000e-01 4.250000e+00
nan nan 2.700000e-01 4.350000e+00
nan nan 2.700000e-01 4.450000e+00
nan nan 2.700000e-01 4.550000e+00
nan nan 2.700000e-01 4.650000e+00
nan nan 2.700000e-01 4.750000e+00
nan nan 2.700000e-01 4.850000e+00
nan nan 2.700000e-01 4.950000e+00
nan nan 2.700000e-01 5.050000e+00
nan nan 2.700000e-01 5.150000e+00
nan nan 2.700000e-01 5.250000e+00
nan nan 2.700000e-01 5.350000e+00
nan nan 2.700000e-01 5.450000e+00
nan nan 2.700000e-01 5.550000e+00
nan nan 2.700000e-01 5.650000e+00
nan nan 2.700000e-01 5.750000e+00
nan nan 2.700000e-01 5.850000e+00
nan nan 2.700000e-01 5.950000e+00
nan nan 2.700000e-01 6.050000e+00
nan nan 2.700000e-01 6.150000e+00
nan nan 2.700000e-01 6.250000e+00
nan nan 2.700000e-01 6.350000e+00
nan nan 2.700000e-01 6.450000e+00
nan nan 2.700000e-01 6.550000e+00
nan nan 2.700000e-01 6.650000e+00
nan nan 2.700000e-01 6.750000e+00
nan nan 2.700000e-01 6.850000e+00
nan nan 2.700000e-01 6.950000e+00
3.576261e+01 1.167066e+00 3.300000e-01 5.000000e-02
8.802675e+00 5.829209e-01 3.300000e-01 1.500000e-01
1.562973e+00 2.440958e-01 3.300000e-01 2.500000e-01
7.497391e-01 1.912548e-01 3.300000e-01 3.500000e-01
4.980125e-01 1.381241e-01 3.300000e-01 4.500000e-01
3.707483e-01 1.387800e-01 3.300000e-01 5.500000e-01
1.522709e-01 7.613558e-02 3.300000e-01 6.500000e-01
1.477580e-01 7.387908e-02 3.300000e-01 7.500000e-01
-3.766256e-02 6.505475e-02 3.300000e-01 8.500000e-01
7.339009e-02 7.342719e-02 3.300000e-01 9.500000e-01
1.489981e-01 7.449919e-02 3.300000e-01 1.050000e+00
2.555338e-01 9.658287e-02 3.300000e-01 1.150000e+00
1.111760e-01 6.418771e-02 3.300000e-01 1.250000e+00
3.634230e-02 8.071646e-02 3.300000e-01 1.350000e+00
-7.392701e-02 5.227429e-02 3.300000e-01 1.450000e+00
1.426819e-01 7.134115e-02 3.300000e-01 1.550000e+00
-7.402172e-02 7.368719e-02 3.300000e-01 1.650000e+00
-2.311869e-04 4.959326e-02 3.300000e-01 1.750000e+00
7.269626e-02 5.140407e-02 3.300000e-01 1.850000e+00
1.030464e-01 5.949411e-02 3.300000e-01 1.950000e+00
1.058317e-01 6.110205e-02 3.300000e-01 2.050000e+00
6.830893e-02 6.840423e-02 3.300000e-01 2.150000e+00
-6.920262e-02 6.924094e-02 3.300000e-01 2.250000e+00
9.971601e-02 5.757118e-02 3.300000e-01 2.350000e+00
1.362689e-01 8.332433e-02 3.300000e-01 2.450000e+00
4.307095e-01 1.194576e-01 3.300000e-01 2.550000e+00
4.828165e-01 1.327584e-01 3.300000e-01 2.650000e+00
1.312802e-01 8.046555e-02 3.300000e-01 2.750000e+00
2.909247e-01 1.072374e-01 3.300000e-01 2.850000e+00
1.288025e-01 7.894039e-02 3.300000e-01 2.950000e+00
1.291182e-01 9.119222e-02 3.300000e-01 3.050000e+00
2.846183e-01 9.487326e-02 3.300000e-01 3.150000e+00
1.888918e-01 7.711520e-02 3.300000e-01 3.250000e+00
3.056229e-01 1.018752e-01 3.300000e-01 3.350000e+00
1.815719e-01 1.283064e-01 3.300000e-01 3.450000e+00
7.891962e-01 2.495667e-01 3.300000e-01 3.550000e+00
5.285302e-01 3.737278e-01 3.300000e-01 3.650000e+00
0.000000e+00 0.000000e+00 3.300000e-01 3.750000e+00
nan nan 3.300000e-01 3.850000e+00
nan nan 3.300000e-01 3.950000e+00
nan nan 3.300000e-01 4.050000e+00
nan nan 3.300000e-01 4.150000e+00
nan nan 3.300000e-01 4.250000e+00
nan nan 3.300000e-01 4.350000e+00
nan nan 3.300000e-01 4.450000e+00
nan nan 3.300000e-01 4.550000e+00
nan nan 3.300000e-01 4.650000e+00
nan nan 3.300000e-01 4.750000e+00
nan nan 3.300000e-01 4.850000e+00
nan nan 3.300000e-01 4.950000e+00
nan nan 3.300000e-01 5.050000e+00
nan nan 3.300000e-01 5.150000e+00
nan nan 3.300000e-01 5.250000e+00
nan nan 3.300000e-01 5.350000e+00
nan nan 3.300000e-01 5.450000e+00
nan nan 3.300000e-01 5.550000e+00
nan nan 3.300000e-01 5.650000e+00
nan nan 3.300000e-01 5.750000e+00
nan nan 3.300000e-01 5.850000e+00
nan nan 3.300000e-01 5.950000e+00
nan nan 3.300000e-01 6.050000e+00
nan nan 3.300000e-01 6.150000e+00
nan nan 3.300000e-01 6.250000e+00
nan nan 3.300000e-01 6.350000e+00
nan nan 3.300000e-01 6.450000e+00
nan nan 3.300000e-01 6.550000e+00
nan nan 3.300000e-01 6.650000e+00
nan nan 3.300000e-01 6.750000e+00
nan nan 3.300000e-01 6.850000e+00
nan nan 3.300000e-01 6.950000e+00
3.742617e+01 1.189484e+00 3.900000e-01 5.000000e-02
9.905368e+00 6.178807e-01 3.900000e-01 1.500000e-01
1.625945e+00 2.479547e-01 3.900000e-01 2.500000e-01
8.793145e-01 1.833501e-01 3.900000e-01 3.500000e-01
6.072678e-01 1.518172e-01 3.900000e-01 4.500000e-01
3.026816e-01 1.070143e-01 3.900000e-01 5.500000e-01
3.047797e-01 1.077562e-01 3.900000e-01 6.500000e-01
1.490430e-01 1.053896e-01 3.900000e-01 7.500000e-01
1.523017e-01 7.615092e-02 3.900000e-01 8.500000e-01
3.690682e-02 3.690682e-02 3.900000e-01 9.500000e-01
1.518884e-01 7.594446e-02 3.900000e-01 1.050000e+00
3.649982e-02 3.649982e-02 3.900000e-01 1.150000e+00
1.503651e-01 7.518278e-02 3.900000e-01 1.250000e+00
-3.618950e-02 3.618950e-02 3.900000e-01 1.350000e+00
7.481137e-02 5.289963e-02 3.900000e-01 1.450000e+00
1.781830e-01 7.968619e-02 3.900000e-01 1.550000e+00
-3.696199e-02 6.457887e-02 3.900000e-01 1.650000e+00
7.030143e-02 4.971077e-02 3.900000e-01 1.750000e+00
-1.948965e-04 5.198996e-02 3.900000e-01 1.850000e+00
1.943728e-05 4.923817e-02 3.900000e-01 1.950000e+00
1.788080e-01 7.996558e-02 3.900000e-01 2.050000e+00
1.038601e-01 9.122459e-02 3.900000e-01 2.150000e+00
1.046103e-01 7.784729e-02 3.900000e-01 2.250000e+00
1.708940e-01 7.642632e-02 3.900000e-01 2.350000e+00
3.390306e-02 5.889137e-02 3.900000e-01 2.450000e+00
1.007476e-01 8.911340e-02 3.900000e-01 2.550000e+00
3.893810e-01 1.213181e-01 3.900000e-01 2.650000e+00
3.296411e-02 7.453237e-02 3.900000e-01 2.750000e+00
2.908758e-01 9.695900e-02 3.900000e-01 2.850000e+00
2.245244e-01 1.065544e-01 3.900000e-01 2.950000e+00
1.627263e-01 8.605277e-02 3.900000e-01 3.050000e+00
3.196747e-02 5.540955e-02 3.900000e-01 3.150000e+00
2.208089e-01 8.345849e-02 3.900000e-01 3.250000e+00
2.462435e-01 1.232266e-01 3.900000e-01 3.350000e+00
2.540217e-01 1.004901e-01 3.900000e-01 3.450000e+00
1.591680e-01 7.958410e-02 3.900000e-01 3.550000e+00
1.901226e-01 1.415347e-01 3.900000e-01 3.650000e+00
-7.643885e-04 3.220828e-01 3.900000e-01 3.750000e+00
0.000000e+00 0.000000e+00 3.900000e-01 3.850000e+00
nan nan 3.900000e-01 3.950000e+00
nan nan 3.900000e-01 4.050000e+00
nan nan 3.900000e-01 4.150000e+00
nan nan 3.900000e-01 4.250000e+00
nan nan 3.900000e-01 4.350000e+00
nan nan 3.900000e-01 4.450000e+00
nan nan 3.900000e-01 4.550000e+00
nan nan 3.900000e-01 4.650000e+00
nan nan 3.900000e-01 4.750000e+00
nan nan 3.900000e-01 4.850000e+00
nan nan 3.900000e-01 4.950000e+00
nan nan 3.900000e-01 5.050000e+00
nan nan 3.900000e-01 5.150000e+00
nan nan 3.900000e-01 5.250000e+00
nan nan 3.900000e-01 5.350000e+00
nan nan 3.900000e-01 5.450000e+00
nan nan 3.900000e-01 5.550000e+00
nan nan 3.900000e-01 5.650000e+00
nan nan 3.900000e-01 5.750000e+00
nan nan 3.900000e-01 5.850000e+00
nan nan 3.900000e-01 5.950000e+00
nan nan 3.900000e-01 6.050000e+00
nan nan 3.900000e-01 6.150000e+00
nan nan 3.900000e-01 6.250000e+00
nan nan 3.900000e-01 6.350000e+00
nan nan 3.900000e-01 6.450000e+00
nan nan 3.900000e-01 6.550000e+00
nan nan 3.900000e-01 6.650000e+00
nan nan 3.900000e-01 6.750000e+00
nan nan 3.900000e-01 6.850000e+00
nan nan 3.900000e-01 6.950000e+00
3.704809e+01 1.187099e+00 4.500000e-01 5.000000e-02
8.919902e+00 5.920355e-01 4.500000e-01 1.500000e-01
1.777359e+00 2.647268e-01 4.500000e-01 2.500000e-01
8.934910e-01 1.863061e-01 4.500000e-01 3.500000e-01
7.535544e-01 1.685003e-01 4.500000e-01 4.500000e-01
3.459927e-01 1.153311e-01 4.500000e-01 5.500000e-01
1.883746e-01 8.424377e-02 4.500000e-01 6.500000e-01
1.903988e-01 1.006954e-01 4.500000e-01 7.500000e-01
1.127166e-01 6.507699e-02 4.500000e-01 8.500000e-01
3.759483e-02 3.759483e-02 4.500000e-01 9.500000e-01
3.773506e-02 8.383882e-02 4.500000e-01 1.050000e+00
3.727890e-02 3.727890e-02 4.500000e-01 1.150000e+00
7.463081e-02 5.277195e-02 4.500000e-01 1.250000e+00
1.099002e-01 6.345102e-02 4.500000e-01 1.350000e+00
3.711025e-02 6.457838e-02 4.500000e-01 1.450000e+00
3.622244e-02 3.622245e-02 4.500000e-01 1.550000e+00
3.716667e-02 6.445579e-02 4.500000e-01 1.650000e+00
1.426727e-01 8.741947e-02 4.500000e-01 1.750000e+00
3.697284e-02 3.697284e-02 4.500000e-01 1.850000e+00
-3.509922e-02 6.114457e-02 4.500000e-01 1.950000e+00
1.793362e-01 8.020165e-02 4.500000e-01 2.050000e+00
1.425962e-01 7.129832e-02 4.500000e-01 2.150000e+00
1.739588e-01 9.200851e-02 4.500000e-01 2.250000e+00
7.033618e-02 7.050588e-02 4.500000e-01 2.350000e+00
-3.387221e-02 5.849796e-02 4.500000e-01 2.450000e+00
1.024656e-01 5.915872e-02 4.500000e-01 2.550000e+00
1.312547e-01 6.562766e-02 4.500000e-01 2.650000e+00
1.013642e-01 8.951239e-02 4.500000e-01 2.750000e+00
2.277980e-01 9.768037e-02 4.500000e-01 2.850000e+00
1.296856e-01 6.484293e-02 4.500000e-01 2.950000e+00
1.964370e-01 8.019525e-02 4.500000e-01 3.050000e+00
1.914465e-01 9.042084e-02 4.500000e-01 3.150000e+00
6.412974e-02 6.405501e-02 4.500000e-01 3.250000e+00
2.189913e-01 8.277106e-02 4.500000e-01 3.350000e+00
1.810374e-01 9.539684e-02 4.500000e-01 3.450000e+00
9.244563e-02 1.014839e-01 4.500000e-01 3.550000e+00
2.484493e-01 1.177277e-01 4.500000e-01 3.650000e+00
1.067515e-01 7.548519e-02 4.500000e-01 3.750000e+00
2.160998e-01 1.528057e-01 4.500000e-01 3.850000e+00
0.000000e+00 0.000000e+00 4.500000e-01 3.950000e+00
nan nan 4.500000e-01 4.050000e+00
nan nan 4.500000e-01 4.150000e+00
nan nan 4.500000e-01 4.250000e+00
nan nan 4.500000e-01 4.350000e+00
nan nan 4.500000e-01 4.450000e+00
nan nan 4.500000e-01 4.550000e+00
nan nan 4.500000e-01 4.650000e+00
nan nan 4.500000e-01 4.750000e+00
nan nan 4.500000e-01 4.850000e+00
nan nan 4.500000e-01 4.950000e+00
nan nan 4.500000e-01 5.050000e+00
nan nan 4.500000e-01 5.150000e+00
nan nan 4.500000e-01 5.250000e+00
nan nan 4.500000e-01 5.350000e+00
nan nan 4.500000e-01 5.450000e+00
nan nan 4.500000e-01 5.550000e+00
nan nan 4.500000e-01 5.650000e+00
nan nan 4.500000e-01 5.750000e+00
nan nan 4.500000e-01 5.850000e+00
nan nan 4.500000e-01 5.950000e+00
nan nan 4.500000e-01 6.050000e+00
nan nan 4.500000e-01 6.150000e+00
nan nan 4.500000e-01 6.250000e+00
nan nan 4.500000e-01 6.350000e+00
nan nan 4.500000e-01 6.450000e+00
nan nan 4.500000e-01 6.550000e+00
nan nan 4.500000e-01 6.650000e+00
nan nan 4.500000e-01 6.750000e+00
nan nan 4.500000e-01 6.850000e+00
nan nan 4.500000e-01 6.950000e+00
3.338901e+01 1.141215e+00 5.100000e-01 5.000000e-02
9.357422e+00 6.015188e-01 5.100000e-01 1.500000e-01
2.273461e+00 2.959799e-01 5.100000e-01 2.500000e-01
5.447856e-01 1.456003e-01 5.100000e-01 3.500000e-01
4.553352e-01 1.314442e-01 5.100000e-01 4.500000e-01
4.667014e-01 1.454520e-01 5.100000e-01 5.500000e-01
2.629580e-01 9.938889e-02 5.100000e-01 6.500000e-01
1.163387e-01 6.716837e-02 5.100000e-01 7.500000e-01
1.123079e-01 6.484106e-02 5.100000e-01 8.500000e-01
0.000000e+00 0.000000e+00 5.100000e-01 9.500000e-01
-7.079240e-05 5.260797e-02 5.100000e-01 1.050000e+00
3.793727e-02 3.793727e-02 5.100000e-01 1.150000e+00
-3.705239e-02 3.705240e-02 5.100000e-01 1.250000e+00
0.000000e+00 0.000000e+00 5.100000e-01 1.350000e+00
7.392147e-02 5.227038e-02 5.100000e-01 1.450000e+00
3.697469e-02 3.697470e-02 5.100000e-01 1.550000e+00
7.329222e-02 5.182546e-02 5.100000e-01 1.650000e+00
3.645223e-02 3.645223e-02 5.100000e-01 1.750000e+00
3.608426e-02 6.298738e-02 5.100000e-01 1.850000e+00
3.625184e-02 3.625184e-02 5.100000e-01 1.950000e+00
-3.536454e-02 7.980054e-02 5.100000e-01 2.050000e+00
7.250240e-02 8.908908e-02 5.100000e-01 2.150000e+00
1.041466e-01 9.205123e-02 5.100000e-01 2.250000e+00
3.588202e-02 6.254705e-02 5.100000e-01 2.350000e+00
3.428249e-02 3.428249e-02 5.100000e-01 2.450000e+00
1.045492e-01 6.036183e-02 5.100000e-01 2.550000e+00
2.352631e-01 8.892139e-02 5.100000e-01 2.650000e+00
3.413156e-02 3.413156e-02 5.100000e-01 2.750000e+00
6.631630e-02 8.158228e-02 5.100000e-01 2.850000e+00
2.274183e-01 9.754028e-02 5.100000e-01 2.950000e+00
1.331636e-01 1.050581e-01 5.100000e-01 3.050000e+00
9.626601e-02 5.557926e-02 5.100000e-01 3.150000e+00
6.400769e-02 9.112089e-02 5.100000e-01 3.250000e+00
9.625130e-02 7.171784e-02 5.100000e-01 3.350000e+00
1.535687e-01 8.134891e-02 5.100000e-01 3.450000e+00
2.722729e-01 9.075811e-02 5.100000e-01 3.550000e+00
8.942364e-02 7.902138e-02 5.100000e-01 3.650000e+00
2.916209e-01 1.168908e-01 5.100000e-01 3.750000e+00
1.386120e-01 1.034241e-01 5.100000e-01 3.850000e+00
2.532726e-01 1.462279e-01 5.100000e-01 3.950000e+00
-3.296793e-01 3.296793e-01 5.100000e-01 4.050000e+00
nan nan 5.100000e-01 4.150000e+00
nan nan 5.100000e-01 4.250000e+00
nan nan 5.100000e-01 4.350000e+00
nan nan 5.100000e-01 4.450000e+00
nan nan 5.100000e-01 4.550000e+00
nan nan 5.100000e-01 4.650000e+00
nan nan 5.100000e-01 4.750000e+00
nan nan 5.100000e-01 4.850000e+00
nan nan 5.100000e-01 4.950000e+00
nan nan 5.100000e-01 5.050000e+00
nan nan 5.100000e-01 5.150000e+00
nan nan 5.100000e-01 5.250000e+00
nan nan 5.100000e-01 5.350000e+00
nan nan 5.100000e-01 5.450000e+00
nan nan 5.100000e-01 5.550000e+00
nan nan 5.100000e-01 5.650000e+00
nan nan 5.100000e-01 5.750000e+00
nan nan 5.100000e-01 5.850000e+00
nan nan 5.100000e-01 5.950000e+00
nan nan 5.100000e-01 6.050000e+00
nan nan 5.100000e-01 6.150000e+00
nan nan 5.100000e-01 6.250000e+00
nan nan 5.100000e-01 6.350000e+00
nan nan 5.100000e-01 6.450000e+00
nan nan 5.100000e-01 6.550000e+00
nan nan 5.100000e-01 6.650000e+00
nan nan 5.100000e-01 6.750000e+00
nan nan 5.100000e-01 6.850000e+00
nan nan 5.100000e-01 6.950000e+00
3.148148e+01 1.120772e+00 5.700000e-01 5.000000e-02
7.036685e+00 5.215788e-01 5.700000e-01 1.500000e-01
1.661862e+00 2.564314e-01 5.700000e-01 2.500000e-01
6.143115e-01 1.535782e-01 5.700000e-01 3.500000e-01
3.898784e-01 1.349805e-01 5.700000e-01 4.500000e-01
3.461572e-01 1.153859e-01 5.700000e-01 5.500000e-01
1.534381e-01 7.671918e-02 5.700000e-01 6.500000e-01
2.304736e-01 9.409078e-02 5.700000e-01 7.500000e-01
7.548163e-02 7.571161e-02 5.700000e-01 8.500000e-01
1.537679e-01 7.688406e-02 5.700000e-01 9.500000e-01
3.726666e-02 6.456121e-02 5.700000e-01 1.050000e+00
-5.322417e-05 5.463632e-02 5.700000e-01 1.150000e+00
0.000000e+00 0.000000e+00 5.700000e-01 1.250000e+00
-7.650126e-02 5.409470e-02 5.700000e-01 1.350000e+00
7.363437e-02 5.206739e-02 5.700000e-01 1.450000e+00
3.782019e-02 3.782020e-02 5.700000e-01 1.550000e+00
1.455827e-01 8.918480e-02 5.700000e-01 1.650000e+00
2.239166e-01 1.056226e-01 5.700000e-01 1.750000e+00
0.000000e+00 0.000000e+00 5.700000e-01 1.850000e+00
7.421749e-02 7.412172e-02 5.700000e-01 1.950000e+00
1.782923e-01 7.973489e-02 5.700000e-01 2.050000e+00
2.216568e-01 1.044539e-01 5.700000e-01 2.150000e+00
6.965474e-02 4.925335e-02 5.700000e-01 2.250000e+00
1.324296e-05 5.179176e-02 5.700000e-01 2.350000e+00
2.476941e-04 6.936925e-02 5.700000e-01 2.450000e+00
2.129911e-01 8.695372e-02 5.700000e-01 2.550000e+00
3.109996e-01 1.146930e-01 5.700000e-01 2.650000e+00
1.704002e-01 7.620546e-02 5.700000e-01 2.750000e+00
6.828084e-02 4.828185e-02 5.700000e-01 2.850000e+00
3.256162e-02 8.671465e-02 5.700000e-01 2.950000e+00
2.009508e-01 9.464929e-02 5.700000e-01 3.050000e+00
3.197294e-02 7.222040e-02 5.700000e-01 3.150000e+00
1.941735e-01 7.927131e-02 5.700000e-01 3.250000e+00
6.518090e-02 6.515070e-02 5.700000e-01 3.350000e+00
2.854367e-01 1.143127e-01 5.700000e-01 3.450000e+00
1.234053e-01 7.554114e-02 5.700000e-01 3.550000e+00
1.502704e-01 9.016747e-02 5.700000e-01 3.650000e+00
1.753725e-01 7.159572e-02 5.700000e-01 3.750000e+00
6.184572e-02 6.183925e-02 5.700000e-01 3.850000e+00
-4.043100e-02 1.065214e-01 5.700000e-01 3.950000e+00
1.417638e-01 1.426398e-01 5.700000e-01 4.050000e+00
2.619213e-06 2.689060e-01 5.700000e-01 4.150000e+00
0.000000e+00 0.000000e+00 5.700000e-01 4.250000e+00
nan nan 5.700000e-01 4.350000e+00
nan nan 5.700000e-01 4.450000e+00
nan nan 5.700000e-01 4.550000e+00
nan nan 5.700000e-01 4.650000e+00
nan nan 5.700000e-01 4.750000e+00
nan nan 5.700000e-01 4.850000e+00
nan nan 5.700000e-01 4.950000e+00
nan nan 5.700000e-01 5.050000e+00
nan nan 5.700000e-01 5.150000e+00
nan nan 5.700000e-01 5.250000e+00
nan nan 5.700000e-01 5.350000e+00
nan nan 5.700000e-01 5.450000e+00
nan nan 5.700000e-01 5.550000e+00
nan nan 5.700000e-01 5.650000e+00
nan nan 5.700000e-01 5.750000e+00
nan nan 5.700000e-01 5.850000e+00
nan nan 5.700000e-01 5.950000e+00
nan nan 5.700000e-01 6.050000e+00
nan nan 5.700000e-01 6.150000e+00
nan nan 5.700000e-01 6.250000e+00
nan nan 5.700000e-01 6.350000e+00
nan nan 5.700000e-01 6.450000e+00
nan nan 5.700000e-01 6.550000e+00
nan nan 5.700000e-01 6.650000e+00
nan nan 5.700000e-01 6.750000e+00
nan nan 5.700000e-01 6.850000e+00
nan nan 5.700000e-01 6.950000e+00
3.038229e+01 1.093484e+00 6.300000e-01 5.000000e-02
9.185694e+00 5.966758e-01 6.300000e-01 1.500000e-01
1.509231e+00 2.448301e-01 6.300000e-01 2.500000e-01
5.325218e-01 1.423226e-01 6.300000e-01 3.500000e-01
3.584693e-01 1.194901e-01 6.300000e-01 4.500000e-01
4.161894e-01 1.254860e-01 6.300000e-01 5.500000e-01
7.943148e-02 5.616655e-02 6.300000e-01 6.500000e-01
2.273411e-01 9.281190e-02 6.300000e-01 7.500000e-01
7.795996e-02 5.512632e-02 6.300000e-01 8.500000e-01
0.000000e+00 0.000000e+00 6.300000e-01 9.500000e-01
-7.029478e-05 5.412736e-02 6.300000e-01 1.050000e+00
7.637409e-02 7.623641e-02 6.300000e-01 1.150000e+00
3.769225e-02 3.769225e-02 6.300000e-01 1.250000e+00
0.000000e+00 0.000000e+00 6.300000e-01 1.350000e+00
1.116923e-01 6.448573e-02 6.300000e-01 1.450000e+00
-7.637971e-02 5.400867e-02 6.300000e-01 1.550000e+00
1.101603e-01 6.360113e-02 6.300000e-01 1.650000e+00
0.000000e+00 0.000000e+00 6.300000e-01 1.750000e+00
3.622319e-02 3.622319e-02 6.300000e-01 1.850000e+00
1.119270e-01 6.462115e-02 6.300000e-01 1.950000e+00
8.065779e-05 5.089375e-02 6.300000e-01 2.050000e+00
1.113227e-01 6.427243e-02 6.300000e-01 2.150000e+00
2.826217e-01 9.992224e-02 6.300000e-01 2.250000e+00
3.651369e-02 6.324996e-02 6.300000e-01 2.350000e+00
3.525553e-02 6.116467e-02 6.300000e-01 2.450000e+00
1.064121e-01 6.143738e-02 6.300000e-01 2.550000e+00
-3.596412e-02 3.596412e-02 6.300000e-01 2.650000e+00
3.388339e-02 5.892404e-02 6.300000e-01 2.750000e+00
2.786580e-01 1.100000e-01 6.300000e-01 2.850000e+00
2.009647e-01 9.465090e-02 6.300000e-01 2.950000e+00
3.371382e-02 3.371382e-02 6.300000e-01 3.050000e+00
1.645875e-01 7.360626e-02 6.300000e-01 3.150000e+00
6.502305e-02 6.495037e-02 6.300000e-01 3.250000e+00
9.846970e-02 7.343643e-02 6.300000e-01 3.350000e+00
9.650359e-02 7.192415e-02 6.300000e-01 3.450000e+00
1.893615e-01 9.976947e-02 6.300000e-01 3.550000e+00
6.195970e-02 6.158907e-02 6.300000e-01 3.650000e+00
1.185693e-01 7.273543e-02 6.300000e-01 3.750000e+00
8.701678e-02 5.023941e-02 6.300000e-01 3.850000e+00
1.193672e-01 5.968390e-02 6.300000e-01 3.950000e+00
1.085217e-01 9.601812e-02 6.300000e-01 4.050000e+00
1.194514e-01 8.446489e-02 6.300000e-01 4.150000e+00
5.855262e-01 2.927633e-01 6.300000e-01 4.250000e+00
0.000000e+00 0.000000e+00 6.300000e-01 4.350000e+00
nan nan 6.300000e-01 4.450000e+00
nan nan 6.300000e-01 4.550000e+00
nan nan 6.300000e-01 4.650000e+00
nan nan 6.300000e-01 4.750000e+00
nan nan 6.300000e-01 4.850000e+00
nan nan 6.300000e-01 4.950000e+00
nan nan 6.300000e-01 5.050000e+00
nan nan 6.300000e-01 5.150000e+00
nan nan 6.300000e-01 5.250000e+00
nan nan 6.300000e-01 5.350000e+00
nan nan 6.300000e-01 5.450000e+00
nan nan 6.300000e-01 5.550000e+00
nan nan 6.300000e-01 5.650000e+00
nan nan 6.300000e-01 5.750000e+00
nan nan 6.300000e-01 5.850000e+00
nan nan 6.300000e-01 5.950000e+00
nan nan 6.300000e-01 6.050000e+00
nan nan 6.300000e-01 6.150000e+00
nan nan 6.300000e-01 6.250000e+00
nan nan 6.300000e-01 6.350000e+00
nan nan 6.300000e-01 6.450000e+00
nan nan 6.300000e-01 6.550000e+00
nan nan 6.300000e-01 6.650000e+00
nan nan 6.300000e-01 6.750000e+00
nan nan 6.300000e-01 6.850000e+00
nan nan 6.300000e-01 6.950000e+00
2.682177e+01 1.024062e+00 6.900000e-01 5.000000e-02
7.850437e+00 5.649680e-01 6.900000e-01 1.500000e-01
1.873168e+00 2.703689e-01 6.900000e-01 2.500000e-01
7.132028e-01 1.681038e-01 6.900000e-01 3.500000e-01
1.969545e-01 1.043357e-01 6.900000e-01 4.500000e-01
2.341477e-01 9.559052e-02 6.900000e-01 5.500000e-01
2.394314e-01 9.774759e-02 6.900000e-01 6.500000e-01
2.313682e-01 9.445576e-02 6.900000e-01 7.500000e-01
2.005947e-01 8.970870e-02 6.900000e-01 8.500000e-01
7.702940e-02 5.446802e-02 6.900000e-01 9.500000e-01
3.991994e-02 6.907131e-02 6.900000e-01 1.050000e+00
0.000000e+00 0.000000e+00 6.900000e-01 1.150000e+00
3.939864e-02 3.939864e-02 6.900000e-01 1.250000e+00
-2.495646e-04 7.668036e-02 6.900000e-01 1.350000e+00
-3.898694e-02 6.735341e-02 6.900000e-01 1.450000e+00
3.828425e-02 3.828425e-02 6.900000e-01 1.550000e+00
1.150618e-01 6.643099e-02 6.900000e-01 1.650000e+00
-7.535123e-02 5.328147e-02 6.900000e-01 1.750000e+00
1.138581e-01 8.490166e-02 6.900000e-01 1.850000e+00
1.269887e-04 5.253960e-02 6.900000e-01 1.950000e+00
3.726634e-02 6.469455e-02 6.900000e-01 2.050000e+00
7.344015e-02 1.038608e-01 6.900000e-01 2.150000e+00
1.955639e-04 5.185195e-02 6.900000e-01 2.250000e+00
7.174239e-02 7.198169e-02 6.900000e-01 2.350000e+00
2.183286e-01 8.913268e-02 6.900000e-01 2.450000e+00
7.000946e-02 8.630729e-02 6.900000e-01 2.550000e+00
7.306316e-02 5.166352e-02 6.900000e-01 2.650000e+00
3.419376e-02 7.700489e-02 6.900000e-01 2.750000e+00
1.068940e-01 6.171582e-02 6.900000e-01 2.850000e+00
1.361111e-01 6.805566e-02 6.900000e-01 2.950000e+00
6.834333e-02 6.848536e-02 6.900000e-01 3.050000e+00
1.447173e-05 6.785954e-02 6.900000e-01 3.150000e+00
-3.711828e-04 7.972429e-02 6.900000e-01 3.250000e+00
1.335404e-01 8.193585e-02 6.900000e-01 3.350000e+00
1.938048e-01 9.133975e-02 6.900000e-01 3.450000e+00
2.240558e-01 8.468544e-02 6.900000e-01 3.550000e+00
2.231348e-01 1.055918e-01 6.900000e-01 3.650000e+00
1.521290e-01 8.042515e-02 6.900000e-01 3.750000e+00
1.186239e-01 8.359938e-02 6.900000e-01 3.850000e+00
8.609288e-02 6.420117e-02 6.900000e-01 3.950000e+00
1.719686e-01 9.062946e-02 6.900000e-01 4.050000e+00
1.010638e-01 8.927858e-02 6.900000e-01 4.150000e+00
2.055960e-01 1.027986e-01 6.900000e-01 4.250000e+00
0.000000e+00 0.000000e+00 6.900000e-01 4.350000e+00
8.472153e-01 8.472153e-01 6.900000e-01 4.450000e+00
nan nan 6.900000e-01 4.550000e+00
nan nan 6.900000e-01 4.650000e+00
nan nan 6.900000e-01 4.750000e+00
nan nan 6.900000e-01 4.850000e+00
nan nan 6.900000e-01 4.950000e+00
nan nan 6.900000e-01 5.050000e+00
nan nan 6.900000e-01 5.150000e+00
nan nan 6.900000e-01 5.250000e+00
nan nan 6.900000e-01 5.350000e+00
nan nan 6.900000e-01 5.450000e+00
nan nan 6.900000e-01 5.550000e+00
nan nan 6.900000e-01 5.650000e+00
nan nan 6.900000e-01 5.750000e+00
nan nan 6.900000e-01 5.850000e+00
nan nan 6.900000e-01 5.950000e+00
nan nan 6.900000e-01 6.050000e+00
nan nan 6.900000e-01 6.150000e+00
nan nan 6.900000e-01 6.250000e+00
nan nan 6.900000e-01 6.350000e+00
nan nan 6.900000e-01 6.450000e+00
nan nan 6.900000e-01 6.550000e+00
nan nan 6.900000e-01 6.650000e+00
nan nan 6.900000e-01 6.750000e+00
nan nan 6.900000e-01 6.850000e+00
nan nan 6.900000e-01 6.950000e+00
2.515410e+01 1.009401e+00 7.500000e-01 5.000000e-02
7.906292e+00 5.633009e-01 7.500000e-01 1.500000e-01
2.218234e+00 3.016423e-01 7.500000e-01 2.500000e-01
5.751142e-01 1.537060e-01 7.500000e-01 3.500000e-01
2.758469e-01 1.042605e-01 7.500000e-01 4.500000e-01
3.311256e-01 1.170708e-01 7.500000e-01 5.500000e-01
2.762169e-01 1.044004e-01 7.500000e-01 6.500000e-01
2.056263e-01 9.195893e-02 7.500000e-01 7.500000e-01
-1.254472e-04 5.629809e-02 7.500000e-01 8.500000e-01
1.216554e-01 7.023790e-02 7.500000e-01 9.500000e-01
8.013534e-02 5.666459e-02 7.500000e-01 1.050000e+00
7.978036e-02 5.641324e-02 7.500000e-01 1.150000e+00
0.000000e+00 0.000000e+00 7.500000e-01 1.250000e+00
1.573598e-01 7.868016e-02 7.500000e-01 1.350000e+00
0.000000e+00 0.000000e+00 7.500000e-01 1.450000e+00
1.549552e-01 7.747768e-02 7.500000e-01 1.550000e+00
3.997916e-02 3.997916e-02 7.500000e-01 1.650000e+00
7.626650e-02 7.607377e-02 7.500000e-01 1.750000e+00
0.000000e+00 0.000000e+00 7.500000e-01 1.850000e+00
-3.771292e-02 6.528634e-02 7.500000e-01 1.950000e+00
3.877228e-02 3.877228e-02 7.500000e-01 2.050000e+00
-3.688033e-02 3.688032e-02 7.500000e-01 2.150000e+00
1.132228e-01 6.536928e-02 7.500000e-01 2.250000e+00
3.609693e-02 3.609693e-02 7.500000e-01 2.350000e+00
2.249202e-01 1.058611e-01 7.500000e-01 2.450000e+00
1.067291e-01 6.162021e-02 7.500000e-01 2.550000e+00
1.107138e-01 8.264010e-02 7.500000e-01 2.650000e+00
3.458817e-02 6.000735e-02 7.500000e-01 2.750000e+00
1.801369e-01 9.542631e-02 7.500000e-01 2.850000e+00
1.063086e-01 7.900718e-02 7.500000e-01 2.950000e+00
1.034146e-01 9.095294e-02 7.500000e-01 3.050000e+00
-3.842122e-04 6.924859e-02 7.500000e-01 3.150000e+00
1.335195e-01 8.172392e-02 7.500000e-01 3.250000e+00
-1.008438e-01 5.822248e-02 7.500000e-01 3.350000e+00
9.828257e-02 5.674389e-02 7.500000e-01 3.450000e+00
6.438674e-02 4.552844e-02 7.500000e-01 3.550000e+00
6.511604e-02 6.513924e-02 7.500000e-01 3.650000e+00
6.321866e-02 7.772294e-02 7.500000e-01 3.750000e+00
1.812429e-01 8.547589e-02 7.500000e-01 3.850000e+00
1.483426e-01 9.818335e-02 7.500000e-01 3.950000e+00
1.137506e-01 9.008144e-02 7.500000e-01 4.050000e+00
2.223047e-01 7.859746e-02 7.500000e-01 4.150000e+00
9.350190e-02 7.004360e-02 7.500000e-01 4.250000e+00
-4.613870e-02 1.032591e-01 7.500000e-01 4.350000e+00
-1.996731e-01 1.411904e-01 7.500000e-01 4.450000e+00
0.000000e+00 0.000000e+00 7.500000e-01 4.550000e+00
nan nan 7.500000e-01 4.650000e+00
nan nan 7.500000e-01 4.750000e+00
nan nan 7.500000e-01 4.850000e+00
nan nan 7.500000e-01 4.950000e+00
nan nan 7.500000e-01 5.050000e+00
nan nan 7.500000e-01 5.150000e+00
nan nan 7.500000e-01 5.250000e+00
nan nan 7.500000e-01 5.350000e+00
nan nan 7.500000e-01 5.450000e+00
nan nan 7.500000e-01 5.550000e+00
nan nan 7.500000e-01 5.650000e+00
nan nan 7.500000e-01 5.750000e+00
nan nan 7.500000e-01 5.850000e+00
nan nan 7.500000e-01 5.950000e+00
nan nan 7.500000e-01 6.050000e+00
nan nan 7.500000e-01 6.150000e+00
nan nan 7.500000e-01 6.250000e+00
nan nan 7.500000e-01 6.350000e+00
nan nan 7.500000e-01 6.450000e+00
nan nan 7.500000e-01 6.550000e+00
nan nan 7.500000e-01 6.650000e+00
nan nan 7.500000e-01 6.750000e+00
nan nan 7.500000e-01 6.850000e+00
nan nan 7.500000e-01 6.950000e+00
2.463415e+01 1.009903e+00 8.100000e-01 5.000000e-02
7.662663e+00 5.618420e-01 8.100000e-01 1.500000e-01
1.494912e+00 2.559809e-01 8.100000e-01 2.500000e-01
7.843945e-01 1.799529e-01 8.100000e-01 3.500000e-01
4.958930e-01 1.431523e-01 8.100000e-01 4.500000e-01
1.666925e-01 8.334628e-02 8.100000e-01 5.500000e-01
1.228941e-01 9.151938e-02 8.100000e-01 6.500000e-01
2.110730e-01 9.439482e-02 8.100000e-01 7.500000e-01
2.022087e-01 1.070958e-01 8.100000e-01 8.500000e-01
1.705465e-01 8.527341e-02 8.100000e-01 9.500000e-01
4.001643e-02 4.001643e-02 8.100000e-01 1.050000e+00
1.266941e-01 7.314691e-02 8.100000e-01 1.150000e+00
2.883180e-04 5.705896e-02 8.100000e-01 1.250000e+00
1.241899e-01 7.170126e-02 8.100000e-01 1.350000e+00
4.014444e-02 6.983799e-02 8.100000e-01 1.450000e+00
4.028363e-02 7.021106e-02 8.100000e-01 1.550000e+00
1.959842e-05 5.712432e-02 8.100000e-01 1.650000e+00
0.000000e+00 0.000000e+00 8.100000e-01 1.750000e+00
8.091859e-02 8.064785e-02 8.100000e-01 1.850000e+00
1.164474e-01 6.723092e-02 8.100000e-01 1.950000e+00
3.969205e-02 3.969205e-02 8.100000e-01 2.050000e+00
3.834501e-02 6.645412e-02 8.100000e-01 2.150000e+00
7.724802e-02 9.442233e-02 8.100000e-01 2.250000e+00
1.121775e-01 6.476578e-02 8.100000e-01 2.350000e+00
1.505243e-01 9.213357e-02 8.100000e-01 2.450000e+00
2.208301e-01 9.015367e-02 8.100000e-01 2.550000e+00
-3.684518e-02 6.383213e-02 8.100000e-01 2.650000e+00
3.635366e-02 8.120321e-02 8.100000e-01 2.750000e+00
3.579771e-02 6.158680e-02 8.100000e-01 2.850000e+00
7.268068e-02 7.285517e-02 8.100000e-01 2.950000e+00
6.875429e-02 6.865215e-02 8.100000e-01 3.050000e+00
1.429341e-01 7.146728e-02 8.100000e-01 3.150000e+00
6.752971e-02 4.775075e-02 8.100000e-01 3.250000e+00
1.022734e-01 7.631510e-02 8.100000e-01 3.350000e+00
-1.007560e-01 5.817162e-02 8.100000e-01 3.450000e+00
1.301676e-01 7.964262e-02 8.100000e-01 3.550000e+00
3.328722e-02 8.786008e-02 8.100000e-01 3.650000e+00
6.542622e-02 4.626339e-02 8.100000e-01 3.750000e+00
2.181926e-01 9.351572e-02 8.100000e-01 3.850000e+00
9.135976e-02 6.826266e-02 8.100000e-01 3.950000e+00
2.910121e-02 6.536172e-02 8.100000e-01 4.050000e+00
5.660028e-02 8.013112e-02 8.100000e-01 4.150000e+00
5.496444e-02 7.711146e-02 8.100000e-01 4.250000e+00
2.055594e-01 8.793643e-02 8.100000e-01 4.350000e+00
2.116890e-01 1.121389e-01 8.100000e-01 4.450000e+00
2.531069e-01 1.461314e-01 8.100000e-01 4.550000e+00
0.000000e+00 0.000000e+00 8.100000e-01 4.650000e+00
nan nan 8.100000e-01 4.750000e+00
nan nan 8.100000e-01 4.850000e+00
nan nan 8.100000e-01 4.950000e+00
nan nan 8.100000e-01 5.050000e+00
nan nan 8.100000e-01 5.150000e+00
nan nan 8.100000e-01 5.250000e+00
nan nan 8.100000e-01 5.350000e+00
nan nan 8.100000e-01 5.450000e+00
nan nan 8.100000e-01 5.550000e+00
nan nan 8.100000e-01 5.650000e+00
nan nan 8.100000e-01 5.750000e+00
nan nan 8.100000e-01 5.850000e+00
nan nan 8.100000e-01 5.950000e+00
nan nan 8.100000e-01 6.050000e+00
nan nan 8.100000e-01 6.150000e+00
nan nan 8.100000e-01 6.250000e+00
nan nan 8.100000e-01 6.350000e+00
nan nan 8.100000e-01 6.450000e+00
nan nan 8.100000e-01 6.550000e+00
nan nan 8.100000e-01 6.650000e+00
nan nan 8.100000e-01 6.750000e+00
nan nan 8.100000e-01 6.850000e+00
nan nan 8.100000e-01 6.950000e+00
2.466726e+01 1.009565e+00 8.700000e-01 5.000000e-02
7.257653e+00 5.599411e-01 8.700000e-01 1.500000e-01
2.402804e+00 3.182598e-01 8.700000e-01 2.500000e-01
7.665204e-01 1.806709e-01 8.700000e-01 3.500000e-01
5.592682e-01 1.551133e-01 8.700000e-01 4.500000e-01
4.190814e-01 1.325253e-01 8.700000e-01 5.500000e-01
2.169986e-01 9.704489e-02 8.700000e-01 6.500000e-01
1.261972e-01 7.286000e-02 8.700000e-01 7.500000e-01
4.317274e-02 4.317274e-02 8.700000e-01 8.500000e-01
8.455260e-02 5.978778e-02 8.700000e-01 9.500000e-01
-4.272788e-02 4.272788e-02 8.700000e-01 1.050000e+00
1.967123e-04 8.558430e-02 8.700000e-01 1.150000e+00
0.000000e+00 0.000000e+00 8.700000e-01 1.250000e+00
8.582703e-02 6.068889e-02 8.700000e-01 1.350000e+00
8.285037e-02 5.858406e-02 8.700000e-01 1.450000e+00
0.000000e+00 0.000000e+00 8.700000e-01 1.550000e+00
8.188639e-02 5.790242e-02 8.700000e-01 1.650000e+00
4.179802e-02 4.179802e-02 8.700000e-01 1.750000e+00
0.000000e+00 0.000000e+00 8.700000e-01 1.850000e+00
4.117456e-02 4.117455e-02 8.700000e-01 1.950000e+00
7.968226e-02 5.634406e-02 8.700000e-01 2.050000e+00
4.028517e-02 9.049629e-02 8.700000e-01 2.150000e+00
-1.245145e-04 5.520501e-02 8.700000e-01 2.250000e+00
7.963306e-02 5.630910e-02 8.700000e-01 2.350000e+00
1.896006e-01 8.479213e-02 8.700000e-01 2.450000e+00
1.156194e-01 6.675301e-02 8.700000e-01 2.550000e+00
1.852634e-01 8.285249e-02 8.700000e-01 2.650000e+00
1.129646e-01 6.522036e-02 8.700000e-01 2.750000e+00
7.218587e-02 8.831817e-02 8.700000e-01 2.850000e+00
-3.703279e-02 8.315573e-02 8.700000e-01 2.950000e+00
1.046009e-01 6.039177e-02 8.700000e-01 3.050000e+00
1.082884e-01 6.252078e-02 8.700000e-01 3.150000e+00
2.115320e-01 9.976954e-02 8.700000e-01 3.250000e+00
6.868506e-02 8.414915e-02 8.700000e-01 3.350000e+00
6.858459e-02 6.892275e-02 8.700000e-01 3.450000e+00
-4.830307e-04 6.572137e-02 8.700000e-01 3.550000e+00
2.234408e-04 4.764185e-02 8.700000e-01 3.650000e+00
2.953157e-01 9.843926e-02 8.700000e-01 3.750000e+00
1.281615e-01 7.854360e-02 8.700000e-01 3.850000e+00
6.374292e-02 6.345821e-02 8.700000e-01 3.950000e+00
1.220701e-01 7.461430e-02 8.700000e-01 4.050000e+00
2.956598e-02 6.499701e-02 8.700000e-01 4.150000e+00
5.591135e-02 7.884077e-02 8.700000e-01 4.250000e+00
5.358374e-02 5.344582e-02 8.700000e-01 4.350000e+00
8.432616e-02 4.868634e-02 8.700000e-01 4.450000e+00
1.550401e-01 7.752039e-02 8.700000e-01 4.550000e+00
0.000000e+00 0.000000e+00 8.700000e-01 4.650000e+00
-3.545113e-01 3.545113e-01 8.700000e-01 4.750000e+00
0.000000e+00 0.000000e+00 8.700000e-01 4.850000e+00
nan nan 8.700000e-01 4.950000e+00
nan nan 8.700000e-01 5.050000e+00
nan nan 8.700000e-01 5.150000e+00
nan nan 8.700000e-01 5.250000e+00
nan nan 8.700000e-01 5.350000e+00
nan nan 8.700000e-01 5.450000e+00
nan nan 8.700000e-01 5.550000e+00
nan nan 8.700000e-01 5.650000e+00
nan nan 8.700000e-01 5.750000e+00
nan nan 8.700000e-01 5.850000e+00
nan nan 8.700000e-01 5.950000e+00
nan nan 8.700000e-01 6.050000e+00
nan nan 8.700000e-01 6.150000e+00
nan nan 8.700000e-01 6.250000e+00
nan nan 8.700000e-01 6.350000e+00
nan nan 8.700000e-01 6.450000e+00
nan nan 8.700000e-01 6.550000e+00
nan nan 8.700000e-01 6.650000e+00
nan nan 8.700000e-01 6.750000e+00
nan nan 8.700000e-01 6.850000e+00
nan nan 8.700000e-01 6.950000e+00
2.396230e+01 1.032131e+00 9.300000e-01 5.000000e-02
7.607467e+00 5.734353e-01 9.300000e-01 1.500000e-01
1.750159e+00 2.767248e-01 9.300000e-01 2.500000e-01
7.955552e-01 1.977220e-01 9.300000e-01 3.500000e-01
1.729289e-01 8.646454e-02 9.300000e-01 4.500000e-01
6.191507e-01 1.769766e-01 9.300000e-01 5.500000e-01
2.616997e-01 1.068386e-01 9.300000e-01 6.500000e-01
8.634203e-02 6.105320e-02 9.300000e-01 7.500000e-01
4.446241e-02 7.692437e-02 9.300000e-01 8.500000e-01
4.179785e-02 4.179785e-02 9.300000e-01 9.500000e-01
-4.480547e-02 7.777790e-02 9.300000e-01 1.050000e+00
4.149998e-02 4.149998e-02 9.300000e-01 1.150000e+00
8.961998e-02 6.337090e-02 9.300000e-01 1.250000e+00
0.000000e+00 0.000000e+00 9.300000e-01 1.350000e+00
9.625212e-05 6.200109e-02 9.300000e-01 1.450000e+00
3.314248e-01 1.171765e-01 9.300000e-01 1.550000e+00
8.566376e-02 8.565449e-02 9.300000e-01 1.650000e+00
-8.341460e-02 5.898312e-02 9.300000e-01 1.750000e+00
0.000000e+00 0.000000e+00 9.300000e-01 1.850000e+00
0.000000e+00 0.000000e+00 9.300000e-01 1.950000e+00
4.049136e-02 4.049137e-02 9.300000e-01 2.050000e+00
4.190457e-02 7.299808e-02 9.300000e-01 2.150000e+00
7.892317e-02 7.910809e-02 9.300000e-01 2.250000e+00
0.000000e+00 0.000000e+00 9.300000e-01 2.350000e+00
3.856719e-02 3.856719e-02 9.300000e-01 2.450000e+00
8.060139e-02 5.699427e-02 9.300000e-01 2.550000e+00
7.587582e-02 5.365232e-02 9.300000e-01 2.650000e+00
7.732581e-02 5.467807e-02 9.300000e-01 2.750000e+00
1.112808e-01 6.424840e-02 9.300000e-01 2.850000e+00
-1.823663e-04 9.158968e-02 9.300000e-01 2.950000e+00
1.094783e-01 9.677328e-02 9.300000e-01 3.050000e+00
1.445518e-01 1.021369e-01 9.300000e-01 3.150000e+00
-7.259545e-02 8.920455e-02 9.300000e-01 3.250000e+00
1.378341e-01 6.891718e-02 9.300000e-01 3.350000e+00
3.561579e-02 6.167062e-02 9.300000e-01 3.450000e+00
-6.803143e-02 8.361290e-02 9.300000e-01 3.550000e+00
6.785229e-02 8.296358e-02 9.300000e-01 3.650000e+00
1.005450e-01 1.003896e-01 9.300000e-01 3.750000e+00
6.524089e-02 6.499044e-02 9.300000e-01 3.850000e+00
1.307353e-01 6.536832e-02 9.300000e-01 3.950000e+00
1.273168e-01 7.809733e-02 9.300000e-01 4.050000e+00
-6.087829e-02 9.556034e-02 9.300000e-01 4.150000e+00
1.450417e-01 8.698340e-02 9.300000e-01 4.250000e+00
5.582086e-02 7.882893e-02 9.300000e-01 4.350000e+00
7.879125e-02 5.879347e-02 9.300000e-01 4.450000e+00
2.187418e-01 7.733747e-02 9.300000e-01 4.550000e+00
1.465519e-01 8.966675e-02 9.300000e-01 4.650000e+00
1.959737e-01 1.736854e-01 9.300000e-01 4.750000e+00
7.375160e-01 4.258062e-01 9.300000e-01 4.850000e+00
0.000000e+00 0.000000e+00 9.300000e-01 4.950000e+00
nan nan 9.300000e-01 5.050000e+00
nan nan 9.300000e-01 5.150000e+00
nan nan 9.300000e-01 5.250000e+00
nan nan 9.300000e-01 5.350000e+00
nan nan 9.300000e-01 5.450000e+00
nan nan 9.300000e-01 5.550000e+00
nan nan 9.300000e-01 5.650000e+00
nan nan 9.300000e-01 5.750000e+00
nan nan 9.300000e-01 5.850000e+00
nan nan 9.300000e-01 5.950000e+00
nan nan 9.300000e-01 6.050000e+00
nan nan 9.300000e-01 6.150000e+00
nan nan 9.300000e-01 6.250000e+00
nan nan 9.300000e-01 6.350000e+00
nan nan 9.300000e-01 6.450000e+00
nan nan 9.300000e-01 6.550000e+00
nan nan 9.300000e-01 6.650000e+00
nan nan 9.300000e-01 6.750000e+00
nan nan 9.300000e-01 6.850000e+00
nan nan 9.300000e-01 6.950000e+00
2.271709e+01 1.019003e+00 9.900000e-01 5.000000e-02
7.295329e+00 5.611800e-01 9.900000e-01 1.500000e-01
2.035005e+00 3.067891e-01 9.900000e-01 2.500000e-01
6.471133e-01 1.670843e-01 9.900000e-01 3.500000e-01
4.537452e-01 1.434871e-01 9.900000e-01 4.500000e-01
3.530372e-01 1.248179e-01 9.900000e-01 5.500000e-01
4.355009e-01 1.377178e-01 9.900000e-01 6.500000e-01
1.782651e-01 8.913256e-02 9.900000e-01 7.500000e-01
0.000000e+00 0.000000e+00 9.900000e-01 8.500000e-01
-4.414415e-02 7.703193e-02 9.900000e-01 9.500000e-01
4.282332e-02 7.430774e-02 9.900000e-01 1.050000e+00
4.337166e-02 4.337166e-02 9.900000e-01 1.150000e+00
0.000000e+00 0.000000e+00 9.900000e-01 1.250000e+00
1.164948e-05 6.001740e-02 9.900000e-01 1.350000e+00
-2.088103e-04 6.182200e-02 9.900000e-01 1.450000e+00
1.657893e-01 8.289490e-02 9.900000e-01 1.550000e+00
4.381795e-02 7.563127e-02 9.900000e-01 1.650000e+00
-4.121549e-02 4.121549e-02 9.900000e-01 1.750000e+00
-4.302277e-02 4.302277e-02 9.900000e-01 1.850000e+00
0.000000e+00 0.000000e+00 9.900000e-01 1.950000e+00
-1.994677e-04 8.481344e-02 9.900000e-01 2.050000e+00
-4.115556e-02 7.123081e-02 9.900000e-01 2.150000e+00
4.167464e-02 7.209487e-02 9.900000e-01 2.250000e+00
1.219792e-01 7.042495e-02 9.900000e-01 2.350000e+00
1.235368e-01 7.132417e-02 9.900000e-01 2.450000e+00
7.982122e-02 5.644226e-02 9.900000e-01 2.550000e+00
-4.064921e-02 1.078385e-01 9.900000e-01 2.650000e+00
1.164253e-01 1.023295e-01 9.900000e-01 2.750000e+00
7.889649e-02 5.578825e-02 9.900000e-01 2.850000e+00
3.788906e-02 3.788906e-02 9.900000e-01 2.950000e+00
1.146011e-01 8.538284e-02 9.900000e-01 3.050000e+00
7.301851e-02 7.291048e-02 9.900000e-01 3.150000e+00
1.032956e-04 7.521824e-02 9.900000e-01 3.250000e+00
1.416239e-01 7.081231e-02 9.900000e-01 3.350000e+00
7.261391e-02 7.240676e-02 9.900000e-01 3.450000e+00
7.187562e-02 5.082381e-02 9.900000e-01 3.550000e+00
1.018375e-01 5.879611e-02 9.900000e-01 3.650000e+00
2.069523e-01 9.759655e-02 9.900000e-01 3.750000e+00
6.626715e-02 8.102440e-02 9.900000e-01 3.850000e+00
6.594197e-02 6.629003e-02 9.900000e-01 3.950000e+00
3.283437e-02 5.693729e-02 9.900000e-01 4.050000e+00
2.866668e-01 9.555635e-02 9.900000e-01 4.150000e+00
1.198025e-01 7.331599e-02 9.900000e-01 4.250000e+00
2.603918e-01 8.679784e-02 9.900000e-01 4.350000e+00
5.473980e-02 1.034288e-01 9.900000e-01 4.450000e+00
-1.392641e-04 6.355520e-02 9.900000e-01 4.550000e+00
1.575999e-01 7.415774e-02 9.900000e-01 4.650000e+00
2.426129e-01 9.170002e-02 9.900000e-01 4.750000e+00
6.317689e-02 1.083737e-01 9.900000e-01 4.850000e+00
0.000000e+00 0.000000e+00 9.900000e-01 4.950000e+00
0.000000e+00 0.000000e+00 9.900000e-01 5.050000e+00
nan nan 9.900000e-01 5.150000e+00
nan nan 9.900000e-01 5.250000e+00
nan nan 9.900000e-01 5.350000e+00
nan nan 9.900000e-01 5.450000e+00
nan nan 9.900000e-01 5.550000e+00
nan nan 9.900000e-01 5.650000e+00
nan nan 9.900000e-01 5.750000e+00
nan nan 9.900000e-01 5.850000e+00
nan nan 9.900000e-01 5.950000e+00
nan nan 9.900000e-01 6.050000e+00
nan nan 9.900000e-01 6.150000e+00
nan nan 9.900000e-01 6.250000e+00
nan nan 9.900000e-01 6.350000e+00
nan nan 9.900000e-01 6.450000e+00
nan nan 9.900000e-01 6.550000e+00
nan nan 9.900000e-01 6.650000e+00
nan nan 9.900000e-01 6.750000e+00
nan nan 9.900000e-01 6.850000e+00
nan nan 9.900000e-01 6.950000e+00
