# Intensity Error [0.167H,0.167H,0] DeltaE
#  shape: 17x70
3.454810e+01 7.909234e-01 3.000000e-02 5.000000e-02
8.075503e+00 3.845382e-01 3.000000e-02 1.500000e-01
1.403748e+00 1.599722e-01 3.000000e-02 2.500000e-01
6.213695e-01 1.126771e-01 3.000000e-02 3.500000e-01
6.410229e-01 1.083529e-01 3.000000e-02 4.500000e-01
3.108454e-01 7.539125e-02 3.000000e-02 5.500000e-01
2.373087e-01 7.522548e-02 3.000000e-02 6.500000e-01
1.452890e-01 5.746053e-02 3.000000e-02 7.500000e-01
1.265682e-01 5.997462e-02 3.000000e-02 8.500000e-01
1.077414e-01 5.083775e-02 3.000000e-02 9.500000e-01
8.922140e-02 3.990107e-02 3.000000e-02 1.050000e+00
5.325253e-02 4.712131e-02 3.000000e-02 1.150000e+00
3.570185e-02 4.347454e-02 3.000000e-02 1.250000e+00
7.044923e-02 4.988143e-02 3.000000e-02 1.350000e+00
1.401638e-01 5.541339e-02 3.000000e-02 1.450000e+00
3.496188e-02 4.267070e-02 3.000000e-02 1.550000e+00
6.909210e-02 4.227927e-02 3.000000e-02 1.650000e+00
1.029267e-01 5.428293e-02 3.000000e-02 1.750000e+00
1.365615e-01 4.828199e-02 3.000000e-02 1.850000e+00
2.198204e-01 6.552802e-02 3.000000e-02 1.950000e+00
1.512703e-01 5.042359e-02 3.000000e-02 2.050000e+00
2.995281e-01 7.441215e-02 3.000000e-02 2.150000e+00
1.973514e-01 7.352926e-02 3.000000e-02 2.250000e+00
1.957762e-01 6.926063e-02 3.000000e-02 2.350000e+00
1.623503e-01 6.496472e-02 3.000000e-02 2.450000e+00
1.505338e-01 6.021880e-02 3.000000e-02 2.550000e+00
3.464785e-01 8.166624e-02 3.000000e-02 2.650000e+00
3.368453e-01 9.723939e-02 3.000000e-02 2.750000e+00
1.125026e-01 1.383340e-01 3.000000e-02 2.850000e+00
6.729373e-01 3.885206e-01 3.000000e-02 2.950000e+00
0.000000e+00 0.000000e+00 3.000000e-02 3.050000e+00
nan nan 3.000000e-02 3.150000e+00
nan nan 3.000000e-02 3.250000e+00
nan nan 3.000000e-02 3.350000e+00
nan nan 3.000000e-02 3.450000e+00
nan nan 3.000000e-02 3.550000e+00
nan nan 3.000000e-02 3.650000e+00
nan nan 3.000000e-02 3.750000e+00
nan nan 3.000000e-02 3.850000e+00
nan nan 3.000000e-02 3.950000e+00
nan nan 3.000000e-02 4.050000e+00
nan nan 3.000000e-02 4.150000e+00
nan nan 3.000000e-02 4.250000e+00
nan nan 3.000000e-02 4.350000e+00
nan nan 3.000000e-02 4.450000e+00
nan nan 3.000000e-02 4.550000e+00
nan nan 3.000000e-02 4.650000e+00
nan nan 3.000000e-02 4.750000e+00
nan nan 3.000000e-02 4.850000e+00
nan nan 3.000000e-02 4.950000e+00
nan nan 3.000000e-02 5.050000e+00
nan nan 3.000000e-02 5.150000e+00
nan nan 3.000000e-02 5.250000e+00
nan nan 3.000000e-02 5.350000e+00
nan nan 3.000000e-02 5.450000e+00
nan nan 3.000000e-02 5.550000e+00
nan nan 3.000000e-02 5.650000e+00
nan nan 3.000000e-02 5.750000e+00
nan nan 3.000000e-02 5.850000e+00
nan nan 3.000000e-02 5.950000e+00
nan nan 3.000000e-02 6.050000e+00
nan nan 3.000000e-02 6.150000e+00
nan nan 3.000000e-02 6.250000e+00
nan nan 3.000000e-02 6.350000e+00
nan nan 3.000000e-02 6.450000e+00
nan nan 3.000000e-02 6.550000e+00
nan nan 3.000000e-02 6.650000e+00
nan nan 3.000000e-02 6.750000e+00
nan nan 3.000000e-02 6.850000e+00
nan nan 3.000000e-02 6.950000e+00
3.394757e+01 7.881902e-01 9.000000e-02 5.000000e-02
8.086792e+00 3.859421e-01 9.000000e-02 1.500000e-01
1.283112e+00 1.555363e-01 9.000000e-02 2.500000e-01
6.603972e-01 1.100664e-01 9.000000e-02 3.500000e-01
5.509087e-01 1.005819e-01 9.000000e-02 4.500000e-01
6.054865e-01 1.054019e-01 9.000000e-02 5.500000e-01
2.564170e-01 6.853041e-02 9.000000e-02 6.500000e-01
1.462467e-01 5.170612e-02 9.000000e-02 7.500000e-01
1.273978e-01 4.815194e-02 9.000000e-02 8.500000e-01
5.434188e-02 4.053602e-02 9.000000e-02 9.500000e-01
3.586237e-02 4.411951e-02 9.000000e-02 1.050000e+00
3.567410e-02 4.368317e-02 9.000000e-02 1.150000e+00
1.068590e-01 5.034591e-02 9.000000e-02 1.250000e+00
8.867323e-02 5.323407e-02 9.000000e-02 1.350000e+00
-7.040255e-02 4.309815e-02 9.000000e-02 1.450000e+00
1.052773e-01 4.297936e-02 9.000000e-02 1.550000e+00
1.214467e-01 4.590267e-02 9.000000e-02 1.650000e+00
3.454048e-02 3.456754e-02 9.000000e-02 1.750000e+00
1.028057e-01 4.197034e-02 9.000000e-02 1.850000e+00
1.532606e-01 5.652212e-02 9.000000e-02 1.950000e+00
1.011819e-01 4.763977e-02 9.000000e-02 2.050000e+00
2.675268e-01 7.096262e-02 9.000000e-02 2.150000e+00
2.472527e-01 6.384065e-02 9.000000e-02 2.250000e+00
2.779331e-01 6.740898e-02 9.000000e-02 2.350000e+00
2.276029e-01 6.898470e-02 9.000000e-02 2.450000e+00
8.093405e-02 4.282696e-02 9.000000e-02 2.550000e+00
8.186242e-02 5.421581e-02 9.000000e-02 2.650000e+00
2.621407e-01 6.768462e-02 9.000000e-02 2.750000e+00
2.687429e-01 8.954037e-02 9.000000e-02 2.850000e+00
1.525306e-01 9.339236e-02 9.000000e-02 2.950000e+00
1.017995e-01 1.017995e-01 9.000000e-02 3.050000e+00
0.000000e+00 0.000000e+00 9.000000e-02 3.150000e+00
nan nan 9.000000e-02 3.250000e+00
nan nan 9.000000e-02 3.350000e+00
nan nan 9.000000e-02 3.450000e+00
nan nan 9.000000e-02 3.550000e+00
nan nan 9.000000e-02 3.650000e+00
nan nan 9.000000e-02 3.750000e+00
nan nan 9.000000e-02 3.850000e+00
nan nan 9.000000e-02 3.950000e+00
nan nan 9.000000e-02 4.050000e+00
nan nan 9.000000e-02 4.150000e+00
nan nan 9.000000e-02 4.250000e+00
nan nan 9.000000e-02 4.350000e+00
nan nan 9.000000e-02 4.450000e+00
nan nan 9.000000e-02 4.550000e+00
nan nan 9.000000e-02 4.650000e+00
nan nan 9.000000e-02 4.750000e+00
nan nan 9.000000e-02 4.850000e+00
nan nan 9.000000e-02 4.950000e+00
nan nan 9.000000e-02 5.050000e+00
nan nan 9.000000e-02 5.150000e+00
nan nan 9.000000e-02 5.250000e+00
nan nan 9.000000e-02 5.350000e+00
nan nan 9.000000e-02 5.450000e+00
nan nan 9.000000e-02 5.550000e+00
nan nan 9.000000e-02 5.650000e+00
nan nan 9.000000e-02 5.750000e+00
nan nan 9.000000e-02 5.850000e+00
nan nan 9.000000e-02 5.950000e+00
nan nan 9.000000e-02 6.050000e+00
nan nan 9.000000e-02 6.150000e+00
nan nan 9.000000e-02 6.250000e+00
nan nan 9.000000e-02 6.350000e+00
nan nan 9.000000e-02 6.450000e+00
nan nan 9.000000e-02 6.550000e+00
nan nan 9.000000e-02 6.650000e+00
nan nan 9.000000e-02 6.750000e+00
nan nan 9.000000e-02 6.850000e+00
nan nan 9.000000e-02 6.950000e+00
3.690242e+01 8.239297e-01 1.500000e-01 5.000000e-02
9.424541e+00 4.193641e-01 1.500000e-01 1.500000e-01
1.459753e+00 1.763265e-01 1.500000e-01 2.500000e-01
7.588456e-01 1.241675e-01 1.500000e-01 3.500000e-01
5.726015e-01 1.061167e-01 1.500000e-01 4.500000e-01
3.316596e-01 7.817312e-02 1.500000e-01 5.500000e-01
3.124775e-01 7.578704e-02 1.500000e-01 6.500000e-01
1.651904e-01 6.084723e-02 1.500000e-01 7.500000e-01
1.098193e-01 5.788062e-02 1.500000e-01 8.500000e-01
1.459597e-01 5.160462e-02 1.500000e-01 9.500000e-01
1.634361e-01 5.447882e-02 1.500000e-01 1.050000e+00
9.016600e-02 4.773746e-02 1.500000e-01 1.150000e+00
3.594746e-02 3.593228e-02 1.500000e-01 1.250000e+00
1.249029e-01 5.354324e-02 1.500000e-01 1.350000e+00
8.874782e-02 4.691010e-02 1.500000e-01 1.450000e+00
1.057661e-01 4.981291e-02 1.500000e-01 1.550000e+00
1.223059e-01 4.622743e-02 1.500000e-01 1.650000e+00
1.560351e-01 5.755117e-02 1.500000e-01 1.750000e+00
1.731669e-02 3.857421e-02 1.500000e-01 1.850000e+00
2.405548e-01 7.684948e-02 1.500000e-01 1.950000e+00
5.098489e-02 3.793617e-02 1.500000e-01 2.050000e+00
1.178497e-01 6.062923e-02 1.500000e-01 2.150000e+00
3.159536e-01 7.618420e-02 1.500000e-01 2.250000e+00
3.433729e-01 7.493048e-02 1.500000e-01 2.350000e+00
1.626073e-01 5.637291e-02 1.500000e-01 2.450000e+00
1.625213e-01 6.080480e-02 1.500000e-01 2.550000e+00
1.939907e-01 6.048425e-02 1.500000e-01 2.650000e+00
2.106403e-01 5.842131e-02 1.500000e-01 2.750000e+00
2.183028e-01 6.922948e-02 1.500000e-01 2.850000e+00
2.725177e-01 8.258751e-02 1.500000e-01 2.950000e+00
3.714763e-01 1.030295e-01 1.500000e-01 3.050000e+00
3.055012e-01 1.366253e-01 1.500000e-01 3.150000e+00
5.772694e-01 4.081911e-01 1.500000e-01 3.250000e+00
0.000000e+00 0.000000e+00 1.500000e-01 3.350000e+00
nan nan 1.500000e-01 3.450000e+00
nan nan 1.500000e-01 3.550000e+00
nan nan 1.500000e-01 3.650000e+00
nan nan 1.500000e-01 3.750000e+00
nan nan 1.500000e-01 3.850000e+00
nan nan 1.500000e-01 3.950000e+00
nan nan 1.500000e-01 4.050000e+00
nan nan 1.500000e-01 4.150000e+00
nan nan 1.500000e-01 4.250000e+00
nan nan 1.500000e-01 4.350000e+00
nan nan 1.500000e-01 4.450000e+00
nan nan 1.500000e-01 4.550000e+00
nan nan 1.500000e-01 4.650000e+00
nan nan 1.500000e-01 4.750000e+00
nan nan 1.500000e-01 4.850000e+00
nan nan 1.500000e-01 4.950000e+00
nan nan 1.500000e-01 5.050000e+00
nan nan 1.500000e-01 5.150000e+00
nan nan 1.500000e-01 5.250000e+00
nan nan 1.500000e-01 5.350000e+00
nan nan 1.500000e-01 5.450000e+00
nan nan 1.500000e-01 5.550000e+00
nan nan 1.500000e-01 5.650000e+00
nan nan 1.500000e-01 5.750000e+00
nan nan 1.500000e-01 5.850000e+00
nan nan 1.500000e-01 5.950000e+00
nan nan 1.500000e-01 6.050000e+00
nan nan 1.500000e-01 6.150000e+00
nan nan 1.500000e-01 6.250000e+00
nan nan 1.500000e-01 6.350000e+00
nan nan 1.500000e-01 6.450000e+00
nan nan 1.500000e-01 6.550000e+00
nan nan 1.500000e-01 6.650000e+00
nan nan 1.500000e-01 6.750000e+00
nan nan 1.500000e-01 6.850000e+00
nan nan 1.500000e-01 6.950000e+00
3.868420e+01 8.488208e-01 2.100000e-01 5.000000e-02
9.436359e+00 4.207490e-01 2.100000e-01 1.500000e-01
1.495266e+00 1.713004e-01 2.100000e-01 2.500000e-01
8.967112e-01 1.347130e-01 2.100000e-01 3.500000e-01
5.776174e-01 1.102231e-01 2.100000e-01 4.500000e-01
3.154539e-01 9.281311e-02 2.100000e-01 5.500000e-01
1.294759e-01 6.134097e-02 2.100000e-01 6.500000e-01
3.323557e-01 8.256351e-02 2.100000e-01 7.500000e-01
1.289517e-01 4.873929e-02 2.100000e-01 8.500000e-01
1.103636e-01 5.199320e-02 2.100000e-01 9.500000e-01
7.348506e-02 4.490820e-02 2.100000e-01 1.050000e+00
1.457199e-01 5.760677e-02 2.100000e-01 1.150000e+00
3.618786e-02 3.619849e-02 2.100000e-01 1.250000e+00
3.607873e-02 2.551157e-02 2.100000e-01 1.350000e+00
1.788430e-02 3.109837e-02 2.100000e-01 1.450000e+00
7.123204e-02 3.561608e-02 2.100000e-01 1.550000e+00
5.279596e-02 3.944267e-02 2.100000e-01 1.650000e+00
8.747929e-02 4.632206e-02 2.100000e-01 1.750000e+00
8.727648e-02 5.237256e-02 2.100000e-01 1.850000e+00
3.463552e-02 4.234145e-02 2.100000e-01 1.950000e+00
6.860577e-02 4.838206e-02 2.100000e-01 2.050000e+00
3.368811e-01 7.532923e-02 2.100000e-01 2.150000e+00
2.676885e-01 7.476247e-02 2.100000e-01 2.250000e+00
2.145042e-01 6.394662e-02 2.100000e-01 2.350000e+00
2.772445e-01 7.825087e-02 2.100000e-01 2.450000e+00
3.092358e-01 7.807078e-02 2.100000e-01 2.550000e+00
4.856223e-02 4.865170e-02 2.100000e-01 2.650000e+00
8.082053e-02 4.280590e-02 2.100000e-01 2.750000e+00
9.668255e-02 6.437621e-02 2.100000e-01 2.850000e+00
1.310632e-01 7.709210e-02 2.100000e-01 2.950000e+00
3.398008e-01 8.574475e-02 2.100000e-01 3.050000e+00
1.404485e-01 7.386105e-02 2.100000e-01 3.150000e+00
2.117144e-01 1.117165e-01 2.100000e-01 3.250000e+00
0.000000e+00 0.000000e+00 2.100000e-01 3.350000e+00
0.000000e+00 0.000000e+00 2.100000e-01 3.450000e+00
nan nan 2.100000e-01 3.550000e+00
nan nan 2.100000e-01 3.650000e+00
nan nan 2.100000e-01 3.750000e+00
nan nan 2.100000e-01 3.850000e+00
nan nan 2.100000e-01 3.950000e+00
nan nan 2.100000e-01 4.050000e+00
nan nan 2.100000e-01 4.150000e+00
nan nan 2.100000e-01 4.250000e+00
nan nan 2.100000e-01 4.350000e+00
nan nan 2.100000e-01 4.450000e+00
nan nan 2.100000e-01 4.550000e+00
nan nan 2.100000e-01 4.650000e+00
nan nan 2.100000e-01 4.750000e+00
nan nan 2.100000e-01 4.850000e+00
nan nan 2.100000e-01 4.950000e+00
nan nan 2.100000e-01 5.050000e+00
nan nan 2.100000e-01 5.150000e+00
nan nan 2.100000e-01 5.250000e+00
nan nan 2.100000e-01 5.350000e+00
nan nan 2.100000e-01 5.450000e+00
nan nan 2.100000e-01 5.550000e+00
nan nan 2.100000e-01 5.650000e+00
nan nan 2.100000e-01 5.750000e+00
nan nan 2.100000e-01 5.850000e+00
nan nan 2.100000e-01 5.950000e+00
nan nan 2.100000e-01 6.050000e+00
nan nan 2.100000e-01 6.150000e+00
nan nan 2.100000e-01 6.250000e+00
nan nan 2.100000e-01 6.350000e+00
nan nan 2.100000e-01 6.450000e+00
nan nan 2.100000e-01 6.550000e+00
nan nan 2.100000e-01 6.650000e+00
nan nan 2.100000e-01 6.750000e+00
nan nan 2.100000e-01 6.850000e+00
nan nan 2.100000e-01 6.950000e+00
4.150312e+01 8.840497e-01 2.700000e-01 5.000000e-02
1.036300e+01 4.422829e-01 2.700000e-01 1.500000e-01
1.340445e+00 1.656753e-01 2.700000e-01 2.500000e-01
6.979575e-01 1.147438e-01 2.700000e-01 3.500000e-01
4.701324e-01 9.402673e-02 2.700000e-01 4.500000e-01
2.999290e-01 8.383415e-02 2.700000e-01 5.500000e-01
3.180345e-01 8.573877e-02 2.700000e-01 6.500000e-01
1.489497e-01 5.266173e-02 2.700000e-01 7.500000e-01
1.482783e-01 5.865885e-02 2.700000e-01 8.500000e-01
9.262349e-02 4.894577e-02 2.700000e-01 9.500000e-01
3.682467e-02 5.829071e-02 2.700000e-01 1.050000e+00
7.345061e-02 5.189933e-02 2.700000e-01 1.150000e+00
1.099480e-01 4.488611e-02 2.700000e-01 1.250000e+00
9.077662e-02 5.449814e-02 2.700000e-01 1.350000e+00
7.249818e-02 3.624916e-02 2.700000e-01 1.450000e+00
1.806651e-02 1.806651e-02 2.700000e-01 1.550000e+00
1.778428e-02 4.735289e-02 2.700000e-01 1.650000e+00
7.076013e-02 5.594709e-02 2.700000e-01 1.750000e+00
1.047180e-01 6.530084e-02 2.700000e-01 1.850000e+00
1.392194e-01 5.497632e-02 2.700000e-01 1.950000e+00
5.158429e-02 3.850839e-02 2.700000e-01 2.050000e+00
1.535568e-01 5.118575e-02 2.700000e-01 2.150000e+00
2.025349e-01 5.846699e-02 2.700000e-01 2.250000e+00
1.843694e-01 5.558971e-02 2.700000e-01 2.350000e+00
2.474944e-01 6.390305e-02 2.700000e-01 2.450000e+00
1.801008e-01 7.126289e-02 2.700000e-01 2.550000e+00
1.627645e-01 6.087351e-02 2.700000e-01 2.650000e+00
1.455023e-01 4.850099e-02 2.700000e-01 2.750000e+00
1.128253e-01 4.264408e-02 2.700000e-01 2.850000e+00
1.769310e-01 6.226528e-02 2.700000e-01 2.950000e+00
1.939980e-01 6.046528e-02 2.700000e-01 3.050000e+00
2.854691e-01 7.316568e-02 2.700000e-01 3.150000e+00
2.233080e-01 7.313305e-02 2.700000e-01 3.250000e+00
1.914579e-01 7.816267e-02 2.700000e-01 3.350000e+00
3.132367e-01 1.566185e-01 2.700000e-01 3.450000e+00
5.505184e-01 5.505184e-01 2.700000e-01 3.550000e+00
nan nan 2.700000e-01 3.650000e+00
nan nan 2.700000e-01 3.750000e+00
nan nan 2.700000e-01 3.850000e+00
nan nan 2.700000e-01 3.950000e+00
nan nan 2.700000e-01 4.050000e+00
nan nan 2.700000e-01 4.150000e+00
nan nan 2.700000e-01 4.250000e+00
nan nan 2.700000e-01 4.350000e+00
nan nan 2.700000e-01 4.450000e+00
nan nan 2.700000e-01 4.550000e+00
nan nan 2.700000e-01 4.650000e+00
nan nan 2.700000e-01 4.750000e+00
nan nan 2.700000e-01 4.850000e+00
nan nan 2.700000e-01 4.950000e+00
nan nan 2.700000e-01 5.050000e+00
nan nan 2.700000e-01 5.150000e+00
nan nan 2.700000e-01 5.250000e+00
nan nan 2.700000e-01 5.350000e+00
nan nan 2.700000e-01 5.450000e+00
nan nan 2.700000e-01 5.550000e+00
nan nan 2.700000e-01 5.650000e+00
nan nan 2.700000e-01 5.750000e+00
nan nan 2.700000e-01 5.850000e+00
nan nan 2.700000e-01 5.950000e+00
nan nan 2.700000e-01 6.050000e+00
nan nan 2.700000e-01 6.150000e+00
nan nan 2.700000e-01 6.250000e+00
nan nan 2.700000e-01 6.350000e+00
nan nan 2.700000e-01 6.450000e+00
nan nan 2.700000e-01 6.550000e+00
nan nan 2.700000e-01 6.650000e+00
nan nan 2.700000e-01 6.750000e+00
nan nan 2.700000e-01 6.850000e+00
nan nan 2.700000e-01 6.950000e+00
3.815835e+01 8.523960e-01 3.300000e-01 5.000000e-02
9.946692e+00 4.353568e-01 3.300000e-01 1.500000e-01
1.480432e+00 1.697704e-01 3.300000e-01 2.500000e-01
7.006528e-01 1.182754e-01 3.300000e-01 3.500000e-01
6.610140e-01 1.117319e-01 3.300000e-01 4.500000e-01
3.770790e-01 8.840387e-02 3.300000e-01 5.500000e-01
3.188132e-01 8.598129e-02 3.300000e-01 6.500000e-01
9.335836e-02 7.242761e-02 3.300000e-01 7.500000e-01
1.839887e-02 7.213829e-02 3.300000e-01 8.500000e-01
-3.725747e-02 4.548962e-02 3.300000e-01 9.500000e-01
1.845331e-02 1.845331e-02 3.300000e-01 1.050000e+00
1.656205e-01 5.520691e-02 3.300000e-01 1.150000e+00
1.282721e-01 4.848241e-02 3.300000e-01 1.250000e+00
1.825839e-01 6.329883e-02 3.300000e-01 1.350000e+00
1.641492e-01 6.047601e-02 3.300000e-01 1.450000e+00
-5.946748e-05 2.562608e-02 3.300000e-01 1.550000e+00
3.613441e-02 2.555089e-02 3.300000e-01 1.650000e+00
5.391358e-02 4.015456e-02 3.300000e-01 1.750000e+00
8.864228e-02 3.964210e-02 3.300000e-01 1.850000e+00
1.576061e-01 5.253554e-02 3.300000e-01 1.950000e+00
1.045365e-01 5.507861e-02 3.300000e-01 2.050000e+00
5.151353e-02 4.552737e-02 3.300000e-01 2.150000e+00
5.099517e-02 3.809525e-02 3.300000e-01 2.250000e+00
1.016843e-01 5.360412e-02 3.300000e-01 2.350000e+00
1.010158e-01 5.816174e-02 3.300000e-01 2.450000e+00
8.246518e-02 4.367714e-02 3.300000e-01 2.550000e+00
2.936606e-01 7.655144e-02 3.300000e-01 2.650000e+00
1.298889e-01 6.076543e-02 3.300000e-01 2.750000e+00
1.616185e-01 5.110849e-02 3.300000e-01 2.850000e+00
2.744088e-01 8.059980e-02 3.300000e-01 2.950000e+00
1.612425e-01 6.031551e-02 3.300000e-01 3.050000e+00
1.911029e-01 6.751409e-02 3.300000e-01 3.150000e+00
4.001557e-01 8.317610e-02 3.300000e-01 3.250000e+00
3.291096e-01 7.757224e-02 3.300000e-01 3.350000e+00
2.878933e-01 8.680341e-02 3.300000e-01 3.450000e+00
4.175026e-01 1.476111e-01 3.300000e-01 3.550000e+00
2.332866e-01 2.332866e-01 3.300000e-01 3.650000e+00
0.000000e+00 0.000000e+00 3.300000e-01 3.750000e+00
nan nan 3.300000e-01 3.850000e+00
nan nan 3.300000e-01 3.950000e+00
nan nan 3.300000e-01 4.050000e+00
nan nan 3.300000e-01 4.150000e+00
nan nan 3.300000e-01 4.250000e+00
nan nan 3.300000e-01 4.350000e+00
nan nan 3.300000e-01 4.450000e+00
nan nan 3.300000e-01 4.550000e+00
nan nan 3.300000e-01 4.650000e+00
nan nan 3.300000e-01 4.750000e+00
nan nan 3.300000e-01 4.850000e+00
nan nan 3.300000e-01 4.950000e+00
nan nan 3.300000e-01 5.050000e+00
nan nan 3.300000e-01 5.150000e+00
nan nan 3.300000e-01 5.250000e+00
nan nan 3.300000e-01 5.350000e+00
nan nan 3.300000e-01 5.450000e+00
nan nan 3.300000e-01 5.550000e+00
nan nan 3.300000e-01 5.650000e+00
nan nan 3.300000e-01 5.750000e+00
nan nan 3.300000e-01 5.850000e+00
nan nan 3.300000e-01 5.950000e+00
nan nan 3.300000e-01 6.050000e+00
nan nan 3.300000e-01 6.150000e+00
nan nan 3.300000e-01 6.250000e+00
nan nan 3.300000e-01 6.350000e+00
nan nan 3.300000e-01 6.450000e+00
nan nan 3.300000e-01 6.550000e+00
nan nan 3.300000e-01 6.650000e+00
nan nan 3.300000e-01 6.750000e+00
nan nan 3.300000e-01 6.850000e+00
nan nan 3.300000e-01 6.950000e+00
3.883157e+01 8.631383e-01 3.900000e-01 5.000000e-02
1.005696e+01 4.389239e-01 3.900000e-01 1.500000e-01
1.829243e+00 1.905656e-01 3.900000e-01 2.500000e-01
8.744732e-01 1.289343e-01 3.900000e-01 3.500000e-01
6.083807e-01 1.075477e-01 3.900000e-01 4.500000e-01
2.276283e-01 7.100169e-02 3.900000e-01 5.500000e-01
2.268608e-01 7.072299e-02 3.900000e-01 6.500000e-01
1.695710e-01 6.248011e-02 3.900000e-01 7.500000e-01
1.503143e-01 5.314423e-02 3.900000e-01 8.500000e-01
5.630308e-02 6.756685e-02 3.900000e-01 9.500000e-01
1.490187e-01 5.894168e-02 3.900000e-01 1.050000e+00
9.272880e-02 6.150747e-02 3.900000e-01 1.150000e+00
-1.835563e-02 3.193188e-02 3.900000e-01 1.250000e+00
5.510600e-02 3.181550e-02 3.900000e-01 1.350000e+00
9.136206e-02 4.085841e-02 3.900000e-01 1.450000e+00
1.825696e-01 5.773373e-02 3.900000e-01 1.550000e+00
9.087299e-02 4.063972e-02 3.900000e-01 1.650000e+00
7.223927e-02 3.611976e-02 3.900000e-01 1.750000e+00
7.177175e-02 3.588593e-02 3.900000e-01 1.850000e+00
3.547462e-02 3.548541e-02 3.900000e-01 1.950000e+00
3.527361e-02 2.494234e-02 3.900000e-01 2.050000e+00
1.394217e-01 4.929311e-02 3.900000e-01 2.150000e+00
1.729070e-01 5.467819e-02 3.900000e-01 2.250000e+00
1.374720e-01 5.942179e-02 3.900000e-01 2.350000e+00
8.523575e-02 5.113174e-02 3.900000e-01 2.450000e+00
1.834886e-01 6.019707e-02 3.900000e-01 2.550000e+00
1.643399e-01 6.156055e-02 3.900000e-01 2.650000e+00
1.797832e-01 6.748298e-02 3.900000e-01 2.750000e+00
9.765649e-02 5.152568e-02 3.900000e-01 2.850000e+00
1.296008e-01 5.118407e-02 3.900000e-01 2.950000e+00
1.289001e-01 5.093625e-02 3.900000e-01 3.050000e+00
3.213008e-01 7.533762e-02 3.900000e-01 3.150000e+00
1.572983e-01 5.880050e-02 3.900000e-01 3.250000e+00
2.327825e-01 6.010439e-02 3.900000e-01 3.350000e+00
1.177306e-01 5.046652e-02 3.900000e-01 3.450000e+00
3.347121e-01 9.733837e-02 3.900000e-01 3.550000e+00
3.537980e-01 1.304183e-01 3.900000e-01 3.650000e+00
7.586490e-01 3.097177e-01 3.900000e-01 3.750000e+00
0.000000e+00 0.000000e+00 3.900000e-01 3.850000e+00
nan nan 3.900000e-01 3.950000e+00
nan nan 3.900000e-01 4.050000e+00
nan nan 3.900000e-01 4.150000e+00
nan nan 3.900000e-01 4.250000e+00
nan nan 3.900000e-01 4.350000e+00
nan nan 3.900000e-01 4.450000e+00
nan nan 3.900000e-01 4.550000e+00
nan nan 3.900000e-01 4.650000e+00
nan nan 3.900000e-01 4.750000e+00
nan nan 3.900000e-01 4.850000e+00
nan nan 3.900000e-01 4.950000e+00
nan nan 3.900000e-01 5.050000e+00
nan nan 3.900000e-01 5.150000e+00
nan nan 3.900000e-01 5.250000e+00
nan nan 3.900000e-01 5.350000e+00
nan nan 3.900000e-01 5.450000e+00
nan nan 3.900000e-01 5.550000e+00
nan nan 3.900000e-01 5.650000e+00
nan nan 3.900000e-01 5.750000e+00
nan nan 3.900000e-01 5.850000e+00
nan nan 3.900000e-01 5.950000e+00
nan nan 3.900000e-01 6.050000e+00
nan nan 3.900000e-01 6.150000e+00
nan nan 3.900000e-01 6.250000e+00
nan nan 3.900000e-01 6.350000e+00
nan nan 3.900000e-01 6.450000e+00
nan nan 3.900000e-01 6.550000e+00
nan nan 3.900000e-01 6.650000e+00
nan nan 3.900000e-01 6.750000e+00
nan nan 3.900000e-01 6.850000e+00
nan nan 3.900000e-01 6.950000e+00
3.724919e+01 8.507582e-01 4.500000e-01 5.000000e-02
8.991824e+00 4.192270e-01 4.500000e-01 1.500000e-01
1.670545e+00 1.851843e-01 4.500000e-01 2.500000e-01
9.391428e-01 1.368791e-01 4.500000e-01 3.500000e-01
3.817829e-01 8.536946e-02 4.500000e-01 4.500000e-01
3.619459e-01 8.303628e-02 4.500000e-01 5.500000e-01
3.799254e-01 8.907805e-02 4.500000e-01 6.500000e-01
7.572167e-02 4.636753e-02 4.500000e-01 7.500000e-01
1.509932e-01 5.338422e-02 4.500000e-01 8.500000e-01
3.755024e-02 3.760396e-02 4.500000e-01 9.500000e-01
7.505738e-02 5.298749e-02 4.500000e-01 1.050000e+00
3.722440e-02 4.569608e-02 4.500000e-01 1.150000e+00
-9.029951e-05 5.246784e-02 4.500000e-01 1.250000e+00
1.862407e-02 3.203663e-02 4.500000e-01 1.350000e+00
5.535941e-02 4.119741e-02 4.500000e-01 1.450000e+00
9.162505e-02 4.845310e-02 4.500000e-01 1.550000e+00
3.675020e-02 4.477298e-02 4.500000e-01 1.650000e+00
1.092381e-01 6.297263e-02 4.500000e-01 1.750000e+00
3.605769e-02 4.427762e-02 4.500000e-01 1.850000e+00
3.580292e-02 3.580034e-02 4.500000e-01 1.950000e+00
7.142300e-02 6.196255e-02 4.500000e-01 2.050000e+00
1.243113e-01 4.698536e-02 4.500000e-01 2.150000e+00
7.009146e-02 5.559871e-02 4.500000e-01 2.250000e+00
8.657181e-02 5.740762e-02 4.500000e-01 2.350000e+00
6.853664e-02 5.412243e-02 4.500000e-01 2.450000e+00
5.080833e-02 4.482169e-02 4.500000e-01 2.550000e+00
4.987036e-02 5.012947e-02 4.500000e-01 2.650000e+00
6.636002e-02 5.243854e-02 4.500000e-01 2.750000e+00
1.809103e-01 5.925735e-02 4.500000e-01 2.850000e+00
1.471378e-01 5.887914e-02 4.500000e-01 2.950000e+00
1.295348e-01 5.116925e-02 4.500000e-01 3.050000e+00
1.932472e-01 6.029275e-02 4.500000e-01 3.150000e+00
1.116890e-01 5.303939e-02 4.500000e-01 3.250000e+00
1.248145e-01 4.934974e-02 4.500000e-01 3.350000e+00
2.439274e-01 6.467566e-02 4.500000e-01 3.450000e+00
3.622080e-01 7.876842e-02 4.500000e-01 3.550000e+00
2.938900e-01 7.588228e-02 4.500000e-01 3.650000e+00
1.898883e-01 1.000700e-01 4.500000e-01 3.750000e+00
2.351038e-01 1.357389e-01 4.500000e-01 3.850000e+00
0.000000e+00 0.000000e+00 4.500000e-01 3.950000e+00
nan nan 4.500000e-01 4.050000e+00
nan nan 4.500000e-01 4.150000e+00
nan nan 4.500000e-01 4.250000e+00
nan nan 4.500000e-01 4.350000e+00
nan nan 4.500000e-01 4.450000e+00
nan nan 4.500000e-01 4.550000e+00
nan nan 4.500000e-01 4.650000e+00
nan nan 4.500000e-01 4.750000e+00
nan nan 4.500000e-01 4.850000e+00
nan nan 4.500000e-01 4.950000e+00
nan nan 4.500000e-01 5.050000e+00
nan nan 4.500000e-01 5.150000e+00
nan nan 4.500000e-01 5.250000e+00
nan nan 4.500000e-01 5.350000e+00
nan nan 4.500000e-01 5.450000e+00
nan nan 4.500000e-01 5.550000e+00
nan nan 4.500000e-01 5.650000e+00
nan nan 4.500000e-01 5.750000e+00
nan nan 4.500000e-01 5.850000e+00
nan nan 4.500000e-01 5.950000e+00
nan nan 4.500000e-01 6.050000e+00
nan nan 4.500000e-01 6.150000e+00
nan nan 4.500000e-01 6.250000e+00
nan nan 4.500000e-01 6.350000e+00
nan nan 4.500000e-01 6.450000e+00
nan nan 4.500000e-01 6.550000e+00
nan nan 4.500000e-01 6.650000e+00
nan nan 4.500000e-01 6.750000e+00
nan nan 4.500000e-01 6.850000e+00
nan nan 4.500000e-01 6.950000e+00
3.550855e+01 8.502769e-01 5.100000e-01 5.000000e-02
9.743657e+00 4.419195e-01 5.100000e-01 1.500000e-01
1.764373e+00 1.849568e-01 5.100000e-01 2.500000e-01
7.122930e-01 1.232763e-01 5.100000e-01 3.500000e-01
6.538093e-01 1.121276e-01 5.100000e-01 4.500000e-01
4.407845e-01 9.581620e-02 5.100000e-01 5.500000e-01
2.479675e-01 7.865907e-02 5.100000e-01 6.500000e-01
2.477190e-01 6.870511e-02 5.100000e-01 7.500000e-01
3.810790e-02 4.658032e-02 5.100000e-01 8.500000e-01
1.896668e-02 3.282563e-02 5.100000e-01 9.500000e-01
1.325374e-01 5.673727e-02 5.100000e-01 1.050000e+00
-3.772408e-02 4.609132e-02 5.100000e-01 1.150000e+00
1.122747e-01 5.297000e-02 5.100000e-01 1.250000e+00
-1.883957e-02 6.717791e-02 5.100000e-01 1.350000e+00
1.112561e-01 6.937290e-02 5.100000e-01 1.450000e+00
9.218195e-02 4.122506e-02 5.100000e-01 1.550000e+00
1.470776e-01 5.199988e-02 5.100000e-01 1.650000e+00
-7.416294e-05 3.657366e-02 5.100000e-01 1.750000e+00
9.094792e-02 4.815591e-02 5.100000e-01 1.850000e+00
3.653914e-02 5.731484e-02 5.100000e-01 1.950000e+00
5.385300e-02 4.018043e-02 5.100000e-01 2.050000e+00
-1.790123e-02 4.013248e-02 5.100000e-01 2.150000e+00
7.100667e-02 4.356342e-02 5.100000e-01 2.250000e+00
5.281115e-02 4.647839e-02 5.100000e-01 2.350000e+00
1.039404e-01 4.243364e-02 5.100000e-01 2.450000e+00
1.030405e-01 4.206625e-02 5.100000e-01 2.550000e+00
6.774071e-02 4.153756e-02 5.100000e-01 2.650000e+00
1.682884e-01 5.830854e-02 5.100000e-01 2.750000e+00
1.842225e-01 6.032822e-02 5.100000e-01 2.850000e+00
2.290248e-01 6.542537e-02 5.100000e-01 2.950000e+00
9.765148e-02 3.986630e-02 5.100000e-01 3.050000e+00
9.713789e-02 5.610465e-02 5.100000e-01 3.150000e+00
1.938417e-01 6.456228e-02 5.100000e-01 3.250000e+00
1.912964e-01 5.522281e-02 5.100000e-01 3.350000e+00
2.625074e-01 7.080643e-02 5.100000e-01 3.450000e+00
3.024820e-01 7.404615e-02 5.100000e-01 3.550000e+00
3.195195e-01 7.599108e-02 5.100000e-01 3.650000e+00
2.108799e-01 8.242392e-02 5.100000e-01 3.750000e+00
2.664694e-01 1.065021e-01 5.100000e-01 3.850000e+00
5.035903e-01 1.853305e-01 5.100000e-01 3.950000e+00
3.052239e-01 3.052239e-01 5.100000e-01 4.050000e+00
nan nan 5.100000e-01 4.150000e+00
nan nan 5.100000e-01 4.250000e+00
nan nan 5.100000e-01 4.350000e+00
nan nan 5.100000e-01 4.450000e+00
nan nan 5.100000e-01 4.550000e+00
nan nan 5.100000e-01 4.650000e+00
nan nan 5.100000e-01 4.750000e+00
nan nan 5.100000e-01 4.850000e+00
nan nan 5.100000e-01 4.950000e+00
nan nan 5.100000e-01 5.050000e+00
nan nan 5.100000e-01 5.150000e+00
nan nan 5.100000e-01 5.250000e+00
nan nan 5.100000e-01 5.350000e+00
nan nan 5.100000e-01 5.450000e+00
nan nan 5.100000e-01 5.550000e+00
nan nan 5.100000e-01 5.650000e+00
nan nan 5.100000e-01 5.750000e+00
nan nan 5.100000e-01 5.850000e+00
nan nan 5.100000e-01 5.950000e+00
nan nan 5.100000e-01 6.050000e+00
nan nan 5.100000e-01 6.150000e+00
nan nan 5.100000e-01 6.250000e+00
nan nan 5.100000e-01 6.350000e+00
nan nan 5.100000e-01 6.450000e+00
nan nan 5.100000e-01 6.550000e+00
nan nan 5.100000e-01 6.650000e+00
nan nan 5.100000e-01 6.750000e+00
nan nan 5.100000e-01 6.850000e+00
nan nan 5.100000e-01 6.950000e+00
3.454550e+01 8.794461e-01 5.700000e-01 5.000000e-02
8.538897e+00 4.306052e-01 5.700000e-01 1.500000e-01
1.762057e+00 1.910775e-01 5.700000e-01 2.500000e-01
9.657797e-01 1.461710e-01 5.700000e-01 3.500000e-01
4.639991e-01 9.471366e-02 5.700000e-01 4.500000e-01
4.433451e-01 1.038078e-01 5.700000e-01 5.500000e-01
1.346902e-01 6.378263e-02 5.700000e-01 6.500000e-01
4.206288e-01 9.367605e-02 5.700000e-01 7.500000e-01
1.527050e-01 6.035926e-02 5.700000e-01 8.500000e-01
5.700294e-02 3.291067e-02 5.700000e-01 9.500000e-01
5.674617e-02 4.235848e-02 5.700000e-01 1.050000e+00
1.885901e-02 4.240717e-02 5.700000e-01 1.150000e+00
3.760792e-02 3.775167e-02 5.700000e-01 1.250000e+00
1.127636e-01 5.937745e-02 5.700000e-01 1.350000e+00
-1.862404e-02 4.185799e-02 5.700000e-01 1.450000e+00
1.299258e-01 8.109607e-02 5.700000e-01 1.550000e+00
1.479210e-01 6.406552e-02 5.700000e-01 1.650000e+00
1.291024e-01 5.530423e-02 5.700000e-01 1.750000e+00
3.648089e-02 5.175686e-02 5.700000e-01 1.850000e+00
2.647321e-04 4.467759e-02 5.700000e-01 1.950000e+00
7.277336e-02 5.130068e-02 5.700000e-01 2.050000e+00
5.380599e-02 4.026688e-02 5.700000e-01 2.150000e+00
8.950685e-02 4.002879e-02 5.700000e-01 2.250000e+00
1.777391e-02 5.335036e-02 5.700000e-01 2.350000e+00
1.763791e-01 6.109002e-02 5.700000e-01 2.450000e+00
1.048375e-01 4.938662e-02 5.700000e-01 2.550000e+00
1.388203e-01 5.491703e-02 5.700000e-01 2.650000e+00
8.575163e-02 5.140960e-02 5.700000e-01 2.750000e+00
3.345466e-02 4.759836e-02 5.700000e-01 2.850000e+00
1.159793e-01 4.975934e-02 5.700000e-01 2.950000e+00
1.646548e-01 5.701267e-02 5.700000e-01 3.050000e+00
1.310974e-01 6.934870e-02 5.700000e-01 3.150000e+00
1.138653e-01 5.393471e-02 5.700000e-01 3.250000e+00
1.123325e-01 4.819414e-02 5.700000e-01 3.350000e+00
2.382418e-01 7.606906e-02 5.700000e-01 3.450000e+00
1.384574e-01 6.714197e-02 5.700000e-01 3.550000e+00
2.695182e-01 7.335902e-02 5.700000e-01 3.650000e+00
3.566445e-01 7.859484e-02 5.700000e-01 3.750000e+00
4.735109e-01 9.933459e-02 5.700000e-01 3.850000e+00
2.973600e-01 8.871912e-02 5.700000e-01 3.950000e+00
2.614839e-01 1.235450e-01 5.700000e-01 4.050000e+00
3.158886e-01 2.233670e-01 5.700000e-01 4.150000e+00
0.000000e+00 0.000000e+00 5.700000e-01 4.250000e+00
nan nan 5.700000e-01 4.350000e+00
nan nan 5.700000e-01 4.450000e+00
nan nan 5.700000e-01 4.550000e+00
nan nan 5.700000e-01 4.650000e+00
nan nan 5.700000e-01 4.750000e+00
nan nan 5.700000e-01 4.850000e+00
nan nan 5.700000e-01 4.950000e+00
nan nan 5.700000e-01 5.050000e+00
nan nan 5.700000e-01 5.150000e+00
nan nan 5.700000e-01 5.250000e+00
nan nan 5.700000e-01 5.350000e+00
nan nan 5.700000e-01 5.450000e+00
nan nan 5.700000e-01 5.550000e+00
nan nan 5.700000e-01 5.650000e+00
nan nan 5.700000e-01 5.750000e+00
nan nan 5.700000e-01 5.850000e+00
nan nan 5.700000e-01 5.950000e+00
nan nan 5.700000e-01 6.050000e+00
nan nan 5.700000e-01 6.150000e+00
nan nan 5.700000e-01 6.250000e+00
nan nan 5.700000e-01 6.350000e+00
nan nan 5.700000e-01 6.450000e+00
nan nan 5.700000e-01 6.550000e+00
nan nan 5.700000e-01 6.650000e+00
nan nan 5.700000e-01 6.750000e+00
nan nan 5.700000e-01 6.850000e+00
nan nan 5.700000e-01 6.950000e+00
3.127504e+01 8.751916e-01 6.300000e-01 5.000000e-02
8.444989e+00 4.432476e-01 6.300000e-01 1.500000e-01
1.917355e+00 2.079146e-01 6.300000e-01 2.500000e-01
8.755760e-01 1.414073e-01 6.300000e-01 3.500000e-01
5.430215e-01 1.082999e-01 6.300000e-01 4.500000e-01
4.693623e-01 1.071178e-01 6.300000e-01 5.500000e-01
2.706204e-01 8.642041e-02 6.300000e-01 6.500000e-01
1.159594e-01 6.688388e-02 6.300000e-01 7.500000e-01
9.592094e-02 5.082497e-02 6.300000e-01 8.500000e-01
1.531400e-01 5.414331e-02 6.300000e-01 9.500000e-01
-1.352963e-06 4.679175e-02 6.300000e-01 1.050000e+00
-1.854662e-04 3.808488e-02 6.300000e-01 1.150000e+00
-1.888800e-02 3.281769e-02 6.300000e-01 1.250000e+00
-1.467689e-04 2.677352e-02 6.300000e-01 1.350000e+00
3.764351e-02 2.661801e-02 6.300000e-01 1.450000e+00
9.776658e-06 4.608835e-02 6.300000e-01 1.550000e+00
5.620107e-02 6.196888e-02 6.300000e-01 1.650000e+00
7.448717e-02 7.433733e-02 6.300000e-01 1.750000e+00
3.695408e-02 5.844047e-02 6.300000e-01 1.850000e+00
-4.885361e-05 5.202767e-02 6.300000e-01 1.950000e+00
1.828247e-02 4.084106e-02 6.300000e-01 2.050000e+00
9.077834e-02 6.019473e-02 6.300000e-01 2.150000e+00
7.250396e-02 5.122146e-02 6.300000e-01 2.250000e+00
3.582806e-02 5.070238e-02 6.300000e-01 2.350000e+00
7.132824e-02 4.365722e-02 6.300000e-01 2.450000e+00
-3.554018e-02 3.559069e-02 6.300000e-01 2.550000e+00
7.077515e-02 5.586885e-02 6.300000e-01 2.650000e+00
8.678234e-02 5.748787e-02 6.300000e-01 2.750000e+00
1.880122e-01 6.166589e-02 6.300000e-01 2.850000e+00
1.669533e-02 3.775234e-02 6.300000e-01 2.950000e+00
3.342869e-02 4.066828e-02 6.300000e-01 3.050000e+00
1.836029e-01 6.464098e-02 6.300000e-01 3.150000e+00
2.121485e-01 6.318795e-02 6.300000e-01 3.250000e+00
4.875749e-02 3.626541e-02 6.300000e-01 3.350000e+00
1.936202e-01 5.589360e-02 6.300000e-01 3.450000e+00
3.330361e-01 7.604770e-02 6.300000e-01 3.550000e+00
2.742328e-01 7.774738e-02 6.300000e-01 3.650000e+00
4.617748e-01 9.058848e-02 6.300000e-01 3.750000e+00
1.602582e-01 6.687546e-02 6.300000e-01 3.850000e+00
1.542992e-01 6.558330e-02 6.300000e-01 3.950000e+00
1.821119e-01 8.349217e-02 6.300000e-01 4.050000e+00
1.796581e-01 1.079680e-01 6.300000e-01 4.150000e+00
1.061839e-01 1.859529e-01 6.300000e-01 4.250000e+00
0.000000e+00 0.000000e+00 6.300000e-01 4.350000e+00
nan nan 6.300000e-01 4.450000e+00
nan nan 6.300000e-01 4.550000e+00
nan nan 6.300000e-01 4.650000e+00
nan nan 6.300000e-01 4.750000e+00
nan nan 6.300000e-01 4.850000e+00
nan nan 6.300000e-01 4.950000e+00
nan nan 6.300000e-01 5.050000e+00
nan nan 6.300000e-01 5.150000e+00
nan nan 6.300000e-01 5.250000e+00
nan nan 6.300000e-01 5.350000e+00
nan nan 6.300000e-01 5.450000e+00
nan nan 6.300000e-01 5.550000e+00
nan nan 6.300000e-01 5.650000e+00
nan nan 6.300000e-01 5.750000e+00
nan nan 6.300000e-01 5.850000e+00
nan nan 6.300000e-01 5.950000e+00
nan nan 6.300000e-01 6.050000e+00
nan nan 6.300000e-01 6.150000e+00
nan nan 6.300000e-01 6.250000e+00
nan nan 6.300000e-01 6.350000e+00
nan nan 6.300000e-01 6.450000e+00
nan nan 6.300000e-01 6.550000e+00
nan nan 6.300000e-01 6.650000e+00
nan nan 6.300000e-01 6.750000e+00
nan nan 6.300000e-01 6.850000e+00
nan nan 6.300000e-01 6.950000e+00
3.153463e+01 9.054371e-01 6.900000e-01 5.000000e-02
8.330027e+00 4.585522e-01 6.900000e-01 1.500000e-01
1.821626e+00 2.103437e-01 6.900000e-01 2.500000e-01
6.440422e-01 1.259992e-01 6.900000e-01 3.500000e-01
4.161770e-01 9.547777e-02 6.900000e-01 4.500000e-01
4.563257e-01 1.057336e-01 6.900000e-01 5.500000e-01
3.032153e-01 8.806355e-02 6.900000e-01 6.500000e-01
1.575451e-01 6.228019e-02 6.900000e-01 7.500000e-01
1.966006e-01 7.854619e-02 6.900000e-01 8.500000e-01
1.178483e-01 4.811148e-02 6.900000e-01 9.500000e-01
3.930880e-02 4.794164e-02 6.900000e-01 1.050000e+00
5.853798e-02 4.358895e-02 6.900000e-01 1.150000e+00
3.888683e-02 4.761996e-02 6.900000e-01 1.250000e+00
9.691915e-02 4.334363e-02 6.900000e-01 1.350000e+00
-3.858977e-02 4.731297e-02 6.900000e-01 1.450000e+00
6.416351e-05 2.720447e-02 6.900000e-01 1.550000e+00
3.820197e-02 3.813173e-02 6.900000e-01 1.650000e+00
3.811085e-02 4.642096e-02 6.900000e-01 1.750000e+00
9.421760e-02 6.252870e-02 6.900000e-01 1.850000e+00
1.116784e-01 6.464399e-02 6.900000e-01 1.950000e+00
7.417856e-02 3.708938e-02 6.900000e-01 2.050000e+00
1.839374e-02 3.188511e-02 6.900000e-01 2.150000e+00
-1.854794e-02 4.835411e-02 6.900000e-01 2.250000e+00
7.258457e-02 3.629243e-02 6.900000e-01 2.350000e+00
8.999384e-02 4.767609e-02 6.900000e-01 2.450000e+00
8.959263e-02 4.006734e-02 6.900000e-01 2.550000e+00
-3.549250e-02 2.509703e-02 6.900000e-01 2.650000e+00
-1.105978e-04 4.305682e-02 6.900000e-01 2.750000e+00
1.219469e-01 4.609194e-02 6.900000e-01 2.850000e+00
5.161886e-02 4.568908e-02 6.900000e-01 2.950000e+00
1.022516e-01 4.819336e-02 6.900000e-01 3.050000e+00
3.360929e-02 4.135176e-02 6.900000e-01 3.150000e+00
6.628360e-02 4.054231e-02 6.900000e-01 3.250000e+00
4.941699e-02 4.342693e-02 6.900000e-01 3.350000e+00
1.627426e-01 6.515251e-02 6.900000e-01 3.450000e+00
2.430550e-01 6.683849e-02 6.900000e-01 3.550000e+00
2.845161e-01 7.408695e-02 6.900000e-01 3.650000e+00
4.722943e-01 9.013669e-02 6.900000e-01 3.750000e+00
3.254229e-01 7.833949e-02 6.900000e-01 3.850000e+00
2.444946e-01 7.480481e-02 6.900000e-01 3.950000e+00
1.775678e-01 6.275120e-02 6.900000e-01 4.050000e+00
7.350227e-02 6.875990e-02 6.900000e-01 4.150000e+00
1.832644e-01 8.636921e-02 6.900000e-01 4.250000e+00
1.611359e-01 1.139403e-01 6.900000e-01 4.350000e+00
0.000000e+00 0.000000e+00 6.900000e-01 4.450000e+00
nan nan 6.900000e-01 4.550000e+00
nan nan 6.900000e-01 4.650000e+00
nan nan 6.900000e-01 4.750000e+00
nan nan 6.900000e-01 4.850000e+00
nan nan 6.900000e-01 4.950000e+00
nan nan 6.900000e-01 5.050000e+00
nan nan 6.900000e-01 5.150000e+00
nan nan 6.900000e-01 5.250000e+00
nan nan 6.900000e-01 5.350000e+00
nan nan 6.900000e-01 5.450000e+00
nan nan 6.900000e-01 5.550000e+00
nan nan 6.900000e-01 5.650000e+00
nan nan 6.900000e-01 5.750000e+00
nan nan 6.900000e-01 5.850000e+00
nan nan 6.900000e-01 5.950000e+00
nan nan 6.900000e-01 6.050000e+00
nan nan 6.900000e-01 6.150000e+00
nan nan 6.900000e-01 6.250000e+00
nan nan 6.900000e-01 6.350000e+00
nan nan 6.900000e-01 6.450000e+00
nan nan 6.900000e-01 6.550000e+00
nan nan 6.900000e-01 6.650000e+00
nan nan 6.900000e-01 6.750000e+00
nan nan 6.900000e-01 6.850000e+00
nan nan 6.900000e-01 6.950000e+00
2.766524e+01 8.641101e-01 7.500000e-01 5.000000e-02
9.073387e+00 4.935238e-01 7.500000e-01 1.500000e-01
1.817911e+00 2.264101e-01 7.500000e-01 2.500000e-01
8.384760e-01 1.459602e-01 7.500000e-01 3.500000e-01
5.112240e-01 1.115586e-01 7.500000e-01 4.500000e-01
4.177572e-01 9.846648e-02 7.500000e-01 5.500000e-01
2.195654e-01 8.217578e-02 7.500000e-01 6.500000e-01
1.683614e-01 7.295965e-02 7.500000e-01 7.500000e-01
6.153548e-02 6.147062e-02 7.500000e-01 8.500000e-01
6.057360e-02 6.038710e-02 7.500000e-01 9.500000e-01
1.406325e-01 6.024910e-02 7.500000e-01 1.050000e+00
2.019636e-02 4.481050e-02 7.500000e-01 1.150000e+00
-9.988274e-02 4.466898e-02 7.500000e-01 1.250000e+00
9.932841e-02 4.442113e-02 7.500000e-01 1.350000e+00
-1.973252e-02 4.424657e-02 7.500000e-01 1.450000e+00
1.973526e-02 1.973526e-02 7.500000e-01 1.550000e+00
3.907741e-02 2.763191e-02 7.500000e-01 1.650000e+00
7.797445e-02 3.898736e-02 7.500000e-01 1.750000e+00
7.731813e-02 6.114699e-02 7.500000e-01 1.850000e+00
1.152441e-01 5.426638e-02 7.500000e-01 1.950000e+00
3.806490e-02 5.367662e-02 7.500000e-01 2.050000e+00
1.499071e-01 6.499880e-02 7.500000e-01 2.150000e+00
-8.687472e-06 2.622217e-02 7.500000e-01 2.250000e+00
1.817443e-02 4.884153e-02 7.500000e-01 2.350000e+00
9.147408e-02 4.835685e-02 7.500000e-01 2.450000e+00
1.085798e-01 5.734288e-02 7.500000e-01 2.550000e+00
5.364905e-02 6.479772e-02 7.500000e-01 2.650000e+00
5.330361e-02 3.077488e-02 7.500000e-01 2.750000e+00
1.415323e-01 5.003942e-02 7.500000e-01 2.850000e+00
7.046338e-02 4.311321e-02 7.500000e-01 2.950000e+00
1.045971e-01 4.270183e-02 7.500000e-01 3.050000e+00
1.700635e-02 5.104770e-02 7.500000e-01 3.150000e+00
2.522518e-01 6.930591e-02 7.500000e-01 3.250000e+00
9.915772e-02 5.729314e-02 7.500000e-01 3.350000e+00
1.499154e-01 5.994719e-02 7.500000e-01 3.450000e+00
3.250695e-01 8.287025e-02 7.500000e-01 3.550000e+00
3.710239e-01 9.271704e-02 7.500000e-01 3.650000e+00
3.959029e-01 8.528788e-02 7.500000e-01 3.750000e+00
3.339814e-01 7.433010e-02 7.500000e-01 3.850000e+00
2.355611e-01 6.579160e-02 7.500000e-01 3.950000e+00
9.993767e-02 5.519077e-02 7.500000e-01 4.050000e+00
1.276735e-01 5.500938e-02 7.500000e-01 4.150000e+00
1.691843e-01 7.572320e-02 7.500000e-01 4.250000e+00
2.392937e-01 1.031796e-01 7.500000e-01 4.350000e+00
-1.308195e-01 1.302934e-01 7.500000e-01 4.450000e+00
0.000000e+00 0.000000e+00 7.500000e-01 4.550000e+00
nan nan 7.500000e-01 4.650000e+00
nan nan 7.500000e-01 4.750000e+00
nan nan 7.500000e-01 4.850000e+00
nan nan 7.500000e-01 4.950000e+00
nan nan 7.500000e-01 5.050000e+00
nan nan 7.500000e-01 5.150000e+00
nan nan 7.500000e-01 5.250000e+00
nan nan 7.500000e-01 5.350000e+00
nan nan 7.500000e-01 5.450000e+00
nan nan 7.500000e-01 5.550000e+00
nan nan 7.500000e-01 5.650000e+00
nan nan 7.500000e-01 5.750000e+00
nan nan 7.500000e-01 5.850000e+00
nan nan 7.500000e-01 5.950000e+00
nan nan 7.500000e-01 6.050000e+00
nan nan 7.500000e-01 6.150000e+00
nan nan 7.500000e-01 6.250000e+00
nan nan 7.500000e-01 6.350000e+00
nan nan 7.500000e-01 6.450000e+00
nan nan 7.500000e-01 6.550000e+00
nan nan 7.500000e-01 6.650000e+00
nan nan 7.500000e-01 6.750000e+00
nan nan 7.500000e-01 6.850000e+00
nan nan 7.500000e-01 6.950000e+00
3.312311e+01 9.549766e-01 8.100000e-01 5.000000e-02
7.620667e+00 4.603468e-01 8.100000e-01 1.500000e-01
1.735176e+00 2.287814e-01 8.100000e-01 2.500000e-01
5.767486e-01 1.373334e-01 8.100000e-01 3.500000e-01
2.653639e-01 9.189097e-02 8.100000e-01 4.500000e-01
2.327650e-01 9.326399e-02 8.100000e-01 5.500000e-01
1.474699e-01 6.020445e-02 8.100000e-01 6.500000e-01
1.635478e-01 7.011219e-02 8.100000e-01 7.500000e-01
1.545023e-01 7.321292e-02 8.100000e-01 8.500000e-01
1.926300e-01 7.094161e-02 8.100000e-01 9.500000e-01
1.040593e-01 5.506348e-02 8.100000e-01 1.050000e+00
8.235882e-02 5.825621e-02 8.100000e-01 1.150000e+00
6.152028e-02 4.585774e-02 8.100000e-01 1.250000e+00
1.228275e-01 5.014421e-02 8.100000e-01 1.350000e+00
-2.048097e-02 5.396375e-02 8.100000e-01 1.450000e+00
-4.034782e-02 4.045763e-02 8.100000e-01 1.550000e+00
8.075049e-02 4.939825e-02 8.100000e-01 1.650000e+00
2.001899e-02 3.476878e-02 8.100000e-01 1.750000e+00
7.942487e-02 3.971250e-02 8.100000e-01 1.850000e+00
5.918659e-02 3.417149e-02 8.100000e-01 1.950000e+00
3.920063e-02 4.796983e-02 8.100000e-01 2.050000e+00
1.355964e-01 6.418830e-02 8.100000e-01 2.150000e+00
5.745462e-02 5.061136e-02 8.100000e-01 2.250000e+00
-1.881204e-02 4.987837e-02 8.100000e-01 2.350000e+00
3.715938e-02 4.580464e-02 8.100000e-01 2.450000e+00
1.843547e-02 4.135369e-02 8.100000e-01 2.550000e+00
1.100492e-01 5.188376e-02 8.100000e-01 2.650000e+00
-4.751221e-05 2.562133e-02 8.100000e-01 2.750000e+00
7.173985e-02 4.395516e-02 8.100000e-01 2.850000e+00
1.787181e-02 3.996937e-02 8.100000e-01 2.950000e+00
7.063956e-02 3.531985e-02 8.100000e-01 3.050000e+00
1.389498e-01 5.497510e-02 8.100000e-01 3.150000e+00
1.031154e-01 5.431845e-02 8.100000e-01 3.250000e+00
1.699480e-01 5.884626e-02 8.100000e-01 3.350000e+00
3.016487e-01 7.498446e-02 8.100000e-01 3.450000e+00
3.785927e-01 8.227861e-02 8.100000e-01 3.550000e+00
3.444087e-01 8.529159e-02 8.100000e-01 3.650000e+00
2.112080e-01 7.076628e-02 8.100000e-01 3.750000e+00
3.151940e-01 8.038107e-02 8.100000e-01 3.850000e+00
1.060318e-01 5.028278e-02 8.100000e-01 3.950000e+00
1.320714e-01 5.684196e-02 8.100000e-01 4.050000e+00
1.131203e-01 5.294547e-02 8.100000e-01 4.150000e+00
6.887192e-02 4.135240e-02 8.100000e-01 4.250000e+00
1.255526e-01 5.878410e-02 8.100000e-01 4.350000e+00
1.192842e-01 7.938821e-02 8.100000e-01 4.450000e+00
1.092209e-01 1.092732e-01 8.100000e-01 4.550000e+00
0.000000e+00 0.000000e+00 8.100000e-01 4.650000e+00
nan nan 8.100000e-01 4.750000e+00
nan nan 8.100000e-01 4.850000e+00
nan nan 8.100000e-01 4.950000e+00
nan nan 8.100000e-01 5.050000e+00
nan nan 8.100000e-01 5.150000e+00
nan nan 8.100000e-01 5.250000e+00
nan nan 8.100000e-01 5.350000e+00
nan nan 8.100000e-01 5.450000e+00
nan nan 8.100000e-01 5.550000e+00
nan nan 8.100000e-01 5.650000e+00
nan nan 8.100000e-01 5.750000e+00
nan nan 8.100000e-01 5.850000e+00
nan nan 8.100000e-01 5.950000e+00
nan nan 8.100000e-01 6.050000e+00
nan nan 8.100000e-01 6.150000e+00
nan nan 8.100000e-01 6.250000e+00
nan nan 8.100000e-01 6.350000e+00
nan nan 8.100000e-01 6.450000e+00
nan nan 8.100000e-01 6.550000e+00
nan nan 8.100000e-01 6.650000e+00
nan nan 8.100000e-01 6.750000e+00
nan nan 8.100000e-01 6.850000e+00
nan nan 8.100000e-01 6.950000e+00
3.311626e+01 9.648566e-01 8.700000e-01 5.000000e-02
9.491184e+00 5.193354e-01 8.700000e-01 1.500000e-01
2.266125e+00 2.596289e-01 8.700000e-01 2.500000e-01
6.519799e-01 1.417304e-01 8.700000e-01 3.500000e-01
3.132687e-01 1.103300e-01 8.700000e-01 4.500000e-01
1.947324e-01 1.002691e-01 8.700000e-01 5.500000e-01
1.902523e-01 7.190868e-02 8.700000e-01 6.500000e-01
1.049362e-01 5.246821e-02 8.700000e-01 7.500000e-01
-2.452936e-02 6.560429e-02 8.700000e-01 8.500000e-01
1.878943e-01 8.791064e-02 8.700000e-01 9.500000e-01
4.478236e-02 5.474413e-02 8.700000e-01 1.050000e+00
1.731461e-01 6.847345e-02 8.700000e-01 1.150000e+00
1.270099e-01 5.986868e-02 8.700000e-01 1.250000e+00
1.266207e-01 5.963383e-02 8.700000e-01 1.350000e+00
4.203307e-02 4.199262e-02 8.700000e-01 1.450000e+00
1.043530e-01 6.268000e-02 8.700000e-01 1.550000e+00
4.153198e-02 2.936770e-02 8.700000e-01 1.650000e+00
8.248985e-02 4.124499e-02 8.700000e-01 1.750000e+00
4.090081e-02 5.026772e-02 8.700000e-01 1.850000e+00
5.793051e-05 2.883088e-02 8.700000e-01 1.950000e+00
4.036285e-02 4.025202e-02 8.700000e-01 2.050000e+00
1.311203e-04 3.998432e-02 8.700000e-01 2.150000e+00
5.908251e-02 7.126954e-02 8.700000e-01 2.250000e+00
-3.921899e-02 7.807642e-02 8.700000e-01 2.350000e+00
3.826079e-02 6.672473e-02 8.700000e-01 2.450000e+00
3.812347e-02 3.799113e-02 8.700000e-01 2.550000e+00
5.616197e-02 4.186007e-02 8.700000e-01 2.650000e+00
1.111336e-01 5.864409e-02 8.700000e-01 2.750000e+00
1.843809e-02 4.098475e-02 8.700000e-01 2.850000e+00
9.087970e-02 6.030686e-02 8.700000e-01 2.950000e+00
5.384155e-02 4.742666e-02 8.700000e-01 3.050000e+00
3.522235e-02 6.136534e-02 8.700000e-01 3.150000e+00
1.059648e-01 4.997508e-02 8.700000e-01 3.250000e+00
3.500383e-02 4.929112e-02 8.700000e-01 3.350000e+00
2.892774e-01 8.152959e-02 8.700000e-01 3.450000e+00
3.341702e-01 7.837939e-02 8.700000e-01 3.550000e+00
3.671202e-01 9.132512e-02 8.700000e-01 3.650000e+00
4.257343e-01 8.663540e-02 8.700000e-01 3.750000e+00
1.136248e-01 6.279527e-02 8.700000e-01 3.850000e+00
2.530749e-01 7.417705e-02 8.700000e-01 3.950000e+00
9.097757e-02 5.667293e-02 8.700000e-01 4.050000e+00
5.809720e-02 5.437614e-02 8.700000e-01 4.150000e+00
7.031177e-02 5.781985e-02 8.700000e-01 4.250000e+00
1.216344e-01 5.891694e-02 8.700000e-01 4.350000e+00
7.410161e-02 4.450271e-02 8.700000e-01 4.450000e+00
8.718818e-02 6.166845e-02 8.700000e-01 4.550000e+00
-4.542465e-02 1.230691e-01 8.700000e-01 4.650000e+00
0.000000e+00 0.000000e+00 8.700000e-01 4.750000e+00
0.000000e+00 0.000000e+00 8.700000e-01 4.850000e+00
nan nan 8.700000e-01 4.950000e+00
nan nan 8.700000e-01 5.050000e+00
nan nan 8.700000e-01 5.150000e+00
nan nan 8.700000e-01 5.250000e+00
nan nan 8.700000e-01 5.350000e+00
nan nan 8.700000e-01 5.450000e+00
nan nan 8.700000e-01 5.550000e+00
nan nan 8.700000e-01 5.650000e+00
nan nan 8.700000e-01 5.750000e+00
nan nan 8.700000e-01 5.850000e+00
nan nan 8.700000e-01 5.950000e+00
nan nan 8.700000e-01 6.050000e+00
nan nan 8.700000e-01 6.150000e+00
nan nan 8.700000e-01 6.250000e+00
nan nan 8.700000e-01 6.350000e+00
nan nan 8.700000e-01 6.450000e+00
nan nan 8.700000e-01 6.550000e+00
nan nan 8.700000e-01 6.650000e+00
nan nan 8.700000e-01 6.750000e+00
nan nan 8.700000e-01 6.850000e+00
nan nan 8.700000e-01 6.950000e+00
2.689812e+01 8.892167e-01 9.300000e-01 5.000000e-02
8.753719e+00 5.053822e-01 9.300000e-01 1.500000e-01
1.956614e+00 2.425645e-01 9.300000e-01 2.500000e-01
7.314298e-01 1.629640e-01 9.300000e-01 3.500000e-01
3.485323e-01 1.006127e-01 9.300000e-01 4.500000e-01
2.051914e-01 1.136083e-01 9.300000e-01 5.500000e-01
1.450525e-01 8.708525e-02 9.300000e-01 6.500000e-01
1.966788e-01 7.433775e-02 9.300000e-01 7.500000e-01
2.745631e-02 6.156824e-02 9.300000e-01 8.500000e-01
1.034014e-01 5.170080e-02 9.300000e-01 9.500000e-01
7.388236e-02 5.507679e-02 9.300000e-01 1.050000e+00
4.637857e-02 3.279461e-02 9.300000e-01 1.150000e+00
1.114208e-01 6.694222e-02 9.300000e-01 1.250000e+00
6.467748e-02 3.734171e-02 9.300000e-01 1.350000e+00
-2.129126e-02 6.389941e-02 9.300000e-01 1.450000e+00
1.273654e-01 7.937020e-02 9.300000e-01 1.550000e+00
6.324918e-02 4.707536e-02 9.300000e-01 1.650000e+00
1.259254e-01 5.939494e-02 9.300000e-01 1.750000e+00
8.322271e-02 4.161140e-02 9.300000e-01 1.850000e+00
-2.080350e-02 3.604076e-02 9.300000e-01 1.950000e+00
4.109338e-02 4.127961e-02 9.300000e-01 2.050000e+00
-6.147543e-02 3.549286e-02 9.300000e-01 2.150000e+00
6.135455e-02 5.403554e-02 9.300000e-01 2.250000e+00
-2.259165e-04 6.387884e-02 9.300000e-01 2.350000e+00
-7.979740e-02 6.295428e-02 9.300000e-01 2.450000e+00
9.821893e-02 5.887016e-02 9.300000e-01 2.550000e+00
9.655671e-02 6.976880e-02 9.300000e-01 2.650000e+00
9.565682e-02 5.053688e-02 9.300000e-01 2.750000e+00
5.640052e-02 4.207998e-02 9.300000e-01 2.850000e+00
5.556089e-02 4.138863e-02 9.300000e-01 2.950000e+00
1.472436e-01 6.367612e-02 9.300000e-01 3.050000e+00
3.637538e-02 3.623728e-02 9.300000e-01 3.150000e+00
1.077017e-01 5.674153e-02 9.300000e-01 3.250000e+00
1.413919e-01 6.618023e-02 9.300000e-01 3.350000e+00
1.214348e-01 7.161895e-02 9.300000e-01 3.450000e+00
5.522454e-01 1.063984e-01 9.300000e-01 3.550000e+00
4.411535e-01 8.975996e-02 9.300000e-01 3.650000e+00
1.989667e-01 7.037962e-02 9.300000e-01 3.750000e+00
4.908900e-02 6.357055e-02 9.300000e-01 3.850000e+00
1.636612e-01 6.126083e-02 9.300000e-01 3.950000e+00
2.843569e-01 7.067748e-02 9.300000e-01 4.050000e+00
1.212674e-01 5.674735e-02 9.300000e-01 4.150000e+00
5.814599e-02 5.031136e-02 9.300000e-01 4.250000e+00
5.546806e-02 5.196930e-02 9.300000e-01 4.350000e+00
5.314206e-02 4.589827e-02 9.300000e-01 4.450000e+00
9.982848e-02 5.146943e-02 9.300000e-01 4.550000e+00
2.053585e-02 6.114576e-02 9.300000e-01 4.650000e+00
4.041715e-02 7.004274e-02 9.300000e-01 4.750000e+00
2.025856e-01 2.025856e-01 9.300000e-01 4.850000e+00
0.000000e+00 0.000000e+00 9.300000e-01 4.950000e+00
nan nan 9.300000e-01 5.050000e+00
nan nan 9.300000e-01 5.150000e+00
nan nan 9.300000e-01 5.250000e+00
nan nan 9.300000e-01 5.350000e+00
nan nan 9.300000e-01 5.450000e+00
nan nan 9.300000e-01 5.550000e+00
nan nan 9.300000e-01 5.650000e+00
nan nan 9.300000e-01 5.750000e+00
nan nan 9.300000e-01 5.850000e+00
nan nan 9.300000e-01 5.950000e+00
nan nan 9.300000e-01 6.050000e+00
nan nan 9.300000e-01 6.150000e+00
nan nan 9.300000e-01 6.250000e+00
nan nan 9.300000e-01 6.350000e+00
nan nan 9.300000e-01 6.450000e+00
nan nan 9.300000e-01 6.550000e+00
nan nan 9.300000e-01 6.650000e+00
nan nan 9.300000e-01 6.750000e+00
nan nan 9.300000e-01 6.850000e+00
nan nan 9.300000e-01 6.950000e+00
2.635073e+01 8.908191e-01 9.900000e-01 5.000000e-02
8.579207e+00 5.037884e-01 9.900000e-01 1.500000e-01
2.046465e+00 2.553333e-01 9.900000e-01 2.500000e-01
5.575749e-01 1.345200e-01 9.900000e-01 3.500000e-01
2.389898e-01 1.034615e-01 9.900000e-01 4.500000e-01
4.416722e-01 1.213822e-01 9.900000e-01 5.500000e-01
2.047246e-01 8.778305e-02 9.900000e-01 6.500000e-01
1.180155e-01 9.300217e-02 9.900000e-01 7.500000e-01
1.430579e-01 6.397752e-02 9.900000e-01 8.500000e-01
1.113588e-01 5.567948e-02 9.900000e-01 9.500000e-01
2.701414e-02 4.662927e-02 9.900000e-01 1.050000e+00
1.264479e-01 7.594873e-02 9.900000e-01 1.150000e+00
7.195105e-02 4.154100e-02 9.900000e-01 1.250000e+00
2.273930e-02 3.932179e-02 9.900000e-01 1.350000e+00
-2.167422e-02 5.791429e-02 9.900000e-01 1.450000e+00
6.409738e-02 6.397866e-02 9.900000e-01 1.550000e+00
2.123531e-02 6.361433e-02 9.900000e-01 1.650000e+00
8.450094e-02 5.170997e-02 9.900000e-01 1.750000e+00
8.428859e-02 5.948788e-02 9.900000e-01 1.850000e+00
1.613721e-04 2.961096e-02 9.900000e-01 1.950000e+00
6.250991e-02 4.660531e-02 9.900000e-01 2.050000e+00
2.074709e-02 3.595054e-02 9.900000e-01 2.150000e+00
2.070890e-02 2.070890e-02 9.900000e-01 2.250000e+00
4.094817e-02 2.895477e-02 9.900000e-01 2.350000e+00
4.074382e-02 4.074390e-02 9.900000e-01 2.450000e+00
4.048757e-02 6.402768e-02 9.900000e-01 2.550000e+00
1.003009e-01 8.728424e-02 9.900000e-01 2.650000e+00
1.382411e-01 7.637647e-02 9.900000e-01 2.750000e+00
2.715078e-01 7.759894e-02 9.900000e-01 2.850000e+00
-1.899943e-02 1.899943e-02 9.900000e-01 2.950000e+00
5.653385e-02 4.978458e-02 9.900000e-01 3.050000e+00
7.442385e-02 4.544771e-02 9.900000e-01 3.150000e+00
1.281123e-01 4.842208e-02 9.900000e-01 3.250000e+00
1.631019e-01 6.524628e-02 9.900000e-01 3.350000e+00
3.043808e-01 7.382377e-02 9.900000e-01 3.450000e+00
5.138861e-01 1.017283e-01 9.900000e-01 3.550000e+00
3.624300e-01 8.630736e-02 9.900000e-01 3.650000e+00
3.211539e-01 8.791463e-02 9.900000e-01 3.750000e+00
1.166345e-01 5.540411e-02 9.900000e-01 3.850000e+00
1.493901e-01 5.507063e-02 9.900000e-01 3.950000e+00
1.624235e-01 5.625387e-02 9.900000e-01 4.050000e+00
9.561186e-02 5.522425e-02 9.900000e-01 4.150000e+00
1.202456e-01 6.391582e-02 9.900000e-01 4.250000e+00
7.198756e-02 5.604333e-02 9.900000e-01 4.350000e+00
8.266508e-02 5.503815e-02 9.900000e-01 4.450000e+00
1.040163e-01 5.215459e-02 9.900000e-01 4.550000e+00
9.627208e-02 5.645648e-02 9.900000e-01 4.650000e+00
1.721314e-01 6.345214e-02 9.900000e-01 4.750000e+00
2.584592e-01 9.768907e-02 9.900000e-01 4.850000e+00
0.000000e+00 0.000000e+00 9.900000e-01 4.950000e+00
0.000000e+00 0.000000e+00 9.900000e-01 5.050000e+00
nan nan 9.900000e-01 5.150000e+00
nan nan 9.900000e-01 5.250000e+00
nan nan 9.900000e-01 5.350000e+00
nan nan 9.900000e-01 5.450000e+00
nan nan 9.900000e-01 5.550000e+00
nan nan 9.900000e-01 5.650000e+00
nan nan 9.900000e-01 5.750000e+00
nan nan 9.900000e-01 5.850000e+00
nan nan 9.900000e-01 5.950000e+00
nan nan 9.900000e-01 6.050000e+00
nan nan 9.900000e-01 6.150000e+00
nan nan 9.900000e-01 6.250000e+00
nan nan 9.900000e-01 6.350000e+00
nan nan 9.900000e-01 6.450000e+00
nan nan 9.900000e-01 6.550000e+00
nan nan 9.900000e-01 6.650000e+00
nan nan 9.900000e-01 6.750000e+00
nan nan 9.900000e-01 6.850000e+00
nan nan 9.900000e-01 6.950000e+00
